service_id,date,exception_type
000001,20231021,1
000001,20231022,1
000001,20231028,1
000001,20231029,1
000001,20231104,1
000001,20231105,1
000001,20231118,1
000001,20231119,1
000001,20231125,1
000001,20231126,1
000001,20231202,1
000001,20231203,1
000001,20231209,1
000002,20231016,1
000002,20231019,1
000002,20231020,1
000002,20231023,1
000002,20231024,1
000002,20231025,1
000002,20231026,1
000002,20231027,1
000002,20231030,1
000002,20231031,1
000002,20231102,1
000002,20231103,1
000002,20231106,1
000002,20231107,1
000002,20231108,1
000002,20231109,1
000002,20231113,1
000002,20231114,1
000002,20231115,1
000002,20231116,1
000002,20231117,1
000002,20231120,1
000002,20231121,1
000002,20231122,1
000002,20231123,1
000002,20231124,1
000002,20231127,1
000002,20231128,1
000002,20231129,1
000002,20231130,1
000002,20231201,1
000002,20231204,1
000002,20231205,1
000002,20231206,1
000002,20231207,1
000002,20231208,1
000003,20231101,1
000004,20231112,1
000005,20231110,1
000005,20231111,1
000006,20231211,1
000006,20231212,1
000006,20231213,1
000006,20231214,1
000006,20231215,1
000006,20231218,1
000006,20231219,1
000006,20231220,1
000006,20231221,1
000006,20231222,1
000006,20231226,1
000006,20231227,1
000006,20231228,1
000006,20231229,1
000006,20240102,1
000006,20240103,1
000006,20240104,1
000006,20240105,1
000006,20240108,1
000006,20240109,1
000006,20240110,1
000006,20240111,1
000007,20231210,1
000007,20231216,1
000007,20231217,1
000007,20231223,1
000007,20231224,1
000007,20231225,1
000007,20231230,1
000007,20231231,1
000007,20240101,1
000007,20240106,1
000007,20240107,1
000008,20231014,1
000009,20231015,1
000010,20231017,1
000011,20231018,1
000012,20231030,1
000012,20231031,1
000012,20231102,1
000012,20231103,1
000012,20231106,1
000012,20231107,1
000012,20231108,1
000012,20231109,1
000012,20231113,1
000012,20231114,1
000012,20231115,1
000012,20231116,1
000012,20231117,1
000012,20231120,1
000012,20231121,1
000012,20231122,1
000012,20231123,1
000012,20231124,1
000013,20231016,1
000013,20231019,1
000013,20231020,1
000013,20231021,1
000013,20231028,1
000013,20231029,1
000013,20231101,1
000013,20231104,1
000013,20231105,1
000013,20231118,1
000013,20231119,1
000013,20231125,1
000013,20231126,1
000013,20231202,1
000013,20231203,1
000013,20231209,1
000014,20231022,1
000015,20231110,1
000015,20231111,1
000015,20231112,1
000016,20231023,1
000016,20231024,1
000016,20231025,1
000016,20231026,1
000016,20231027,1
000016,20231127,1
000016,20231128,1
000016,20231129,1
000016,20231130,1
000016,20231201,1
000016,20231204,1
000016,20231205,1
000016,20231206,1
000016,20231207,1
000016,20231208,1
000017,20231210,1
000017,20231211,1
000017,20231212,1
000017,20231213,1
000017,20231214,1
000017,20231215,1
000017,20231216,1
000017,20231217,1
000017,20231218,1
000017,20231219,1
000017,20231220,1
000017,20231221,1
000017,20231222,1
000017,20231223,1
000017,20231224,1
000017,20231225,1
000017,20231226,1
000017,20231227,1
000017,20231228,1
000017,20231229,1
000017,20231230,1
000017,20231231,1
000017,20240101,1
000017,20240102,1
000017,20240103,1
000017,20240104,1
000017,20240105,1
000017,20240106,1
000017,20240107,1
000017,20240108,1
000017,20240109,1
000017,20240110,1
000017,20240111,1
000018,20231021,1
000018,20231022,1
000018,20231023,1
000018,20231024,1
000018,20231025,1
000018,20231026,1
000018,20231027,1
000018,20231028,1
000018,20231029,1
000018,20231030,1
000018,20231031,1
000018,20231101,1
000018,20231102,1
000018,20231103,1
000018,20231104,1
000018,20231105,1
000018,20231106,1
000018,20231107,1
000018,20231108,1
000018,20231109,1
000018,20231113,1
000018,20231114,1
000018,20231115,1
000018,20231116,1
000018,20231117,1
000018,20231118,1
000018,20231119,1
000018,20231120,1
000018,20231121,1
000018,20231122,1
000018,20231123,1
000018,20231124,1
000018,20231125,1
000018,20231126,1
000018,20231127,1
000018,20231128,1
000018,20231129,1
000018,20231130,1
000018,20231201,1
000018,20231202,1
000018,20231203,1
000018,20231204,1
000018,20231205,1
000018,20231206,1
000018,20231207,1
000018,20231208,1
000018,20231209,1
000019,20231016,1
000019,20231019,1
000019,20231020,1
000020,20231110,1
000021,20231111,1
000021,20231112,1
000022,20231030,1
000022,20231031,1
000022,20231102,1
000022,20231103,1
000022,20231106,1
000022,20231107,1
000022,20231108,1
000022,20231109,1
000022,20231110,1
000022,20231111,1
000022,20231112,1
000022,20231113,1
000022,20231114,1
000022,20231115,1
000022,20231116,1
000022,20231117,1
000022,20231120,1
000022,20231121,1
000022,20231122,1
000022,20231123,1
000022,20231124,1
000023,20231021,1
000023,20231022,1
000023,20231023,1
000023,20231024,1
000023,20231025,1
000023,20231026,1
000023,20231027,1
000023,20231028,1
000023,20231029,1
000023,20231104,1
000023,20231105,1
000023,20231118,1
000023,20231119,1
000023,20231125,1
000023,20231126,1
000023,20231127,1
000023,20231128,1
000023,20231129,1
000023,20231130,1
000023,20231201,1
000023,20231202,1
000023,20231203,1
000023,20231204,1
000023,20231205,1
000023,20231206,1
000023,20231207,1
000023,20231208,1
000023,20231209,1
000024,20231016,1
000024,20231019,1
000024,20231020,1
000024,20231021,1
000024,20231022,1
000024,20231023,1
000024,20231024,1
000024,20231025,1
000024,20231026,1
000024,20231027,1
000024,20231028,1
000024,20231029,1
000024,20231104,1
000024,20231105,1
000024,20231118,1
000024,20231119,1
000024,20231125,1
000024,20231126,1
000024,20231127,1
000024,20231128,1
000024,20231129,1
000024,20231130,1
000024,20231201,1
000024,20231202,1
000024,20231203,1
000024,20231204,1
000024,20231205,1
000024,20231206,1
000024,20231207,1
000024,20231208,1
000024,20231209,1
000025,20231030,1
000025,20231031,1
000025,20231102,1
000025,20231103,1
000025,20231106,1
000025,20231107,1
000025,20231108,1
000025,20231109,1
000025,20231110,1
000025,20231112,1
000025,20231113,1
000025,20231114,1
000025,20231115,1
000025,20231116,1
000025,20231117,1
000025,20231120,1
000025,20231121,1
000025,20231122,1
000025,20231123,1
000025,20231124,1
000026,20231111,1
000027,20231016,1
000027,20231019,1
000027,20231020,1
000027,20231021,1
000027,20231022,1
000027,20231023,1
000027,20231024,1
000027,20231025,1
000027,20231026,1
000027,20231027,1
000027,20231028,1
000027,20231029,1
000027,20231030,1
000027,20231031,1
000027,20231101,1
000027,20231102,1
000027,20231103,1
000027,20231104,1
000027,20231105,1
000027,20231106,1
000027,20231107,1
000027,20231108,1
000027,20231109,1
000027,20231113,1
000027,20231114,1
000027,20231115,1
000027,20231116,1
000027,20231117,1
000027,20231118,1
000027,20231119,1
000027,20231120,1
000027,20231121,1
000027,20231122,1
000027,20231123,1
000027,20231124,1
000027,20231125,1
000027,20231126,1
000027,20231127,1
000027,20231128,1
000027,20231129,1
000027,20231130,1
000027,20231201,1
000027,20231202,1
000027,20231203,1
000027,20231204,1
000027,20231205,1
000027,20231206,1
000027,20231207,1
000027,20231208,1
000027,20231209,1
000028,20231020,1
000028,20231021,1
000028,20231027,1
000028,20231028,1
000028,20231103,1
000028,20231117,1
000028,20231118,1
000028,20231124,1
000028,20231125,1
000028,20231201,1
000028,20231202,1
000028,20231208,1
000028,20231209,1
000029,20231022,1
000029,20231029,1
000029,20231101,1
000029,20231105,1
000029,20231119,1
000029,20231126,1
000029,20231203,1
000030,20231104,1
000031,20231016,1
000031,20231019,1
000031,20231023,1
000031,20231024,1
000031,20231025,1
000031,20231026,1
000031,20231030,1
000031,20231031,1
000031,20231102,1
000031,20231106,1
000031,20231107,1
000031,20231108,1
000031,20231109,1
000031,20231113,1
000031,20231114,1
000031,20231115,1
000031,20231116,1
000031,20231120,1
000031,20231121,1
000031,20231122,1
000031,20231123,1
000031,20231127,1
000031,20231128,1
000031,20231129,1
000031,20231130,1
000031,20231204,1
000031,20231205,1
000031,20231206,1
000031,20231207,1
000032,20231021,1
000032,20231028,1
000032,20231101,1
000032,20231104,1
000032,20231118,1
000032,20231125,1
000032,20231202,1
000032,20231209,1
000033,20231022,1
000033,20231029,1
000033,20231105,1
000033,20231119,1
000033,20231126,1
000033,20231203,1
000034,20231210,1
000034,20231217,1
000034,20231224,1
000034,20231225,1
000034,20231231,1
000034,20240101,1
000034,20240107,1
000035,20231216,1
000035,20231223,1
000035,20231230,1
000035,20240106,1
000036,20231016,1
000036,20231019,1
000036,20231020,1
000036,20231021,1
000036,20231022,1
000036,20231023,1
000036,20231024,1
000036,20231025,1
000036,20231026,1
000036,20231027,1
000036,20231028,1
000036,20231029,1
000036,20231030,1
000036,20231031,1
000036,20231101,1
000036,20231102,1
000036,20231103,1
000036,20231104,1
000037,20231105,1
000037,20231111,1
000037,20231112,1
000038,20231106,1
000038,20231107,1
000038,20231108,1
000038,20231109,1
000038,20231110,1
000038,20231113,1
000038,20231114,1
000038,20231115,1
000038,20231116,1
000038,20231117,1
000038,20231118,1
000038,20231119,1
000038,20231120,1
000038,20231121,1
000038,20231122,1
000038,20231123,1
000038,20231124,1
000038,20231125,1
000038,20231126,1
000038,20231127,1
000038,20231128,1
000038,20231129,1
000038,20231130,1
000038,20231201,1
000038,20231202,1
000038,20231203,1
000038,20231204,1
000038,20231205,1
000038,20231206,1
000038,20231207,1
000038,20231208,1
000038,20231209,1
000039,20231013,1
000040,20231105,1
000040,20231106,1
000040,20231107,1
000040,20231108,1
000040,20231109,1
000040,20231110,1
000040,20231112,1
000040,20231113,1
000040,20231114,1
000040,20231115,1
000040,20231116,1
000040,20231117,1
000040,20231118,1
000040,20231119,1
000040,20231120,1
000040,20231121,1
000040,20231122,1
000040,20231123,1
000040,20231124,1
000040,20231125,1
000040,20231126,1
000040,20231127,1
000040,20231128,1
000040,20231129,1
000040,20231130,1
000040,20231201,1
000040,20231202,1
000040,20231203,1
000040,20231204,1
000040,20231205,1
000040,20231206,1
000040,20231207,1
000040,20231208,1
000040,20231209,1
000041,20231120,1
000041,20231121,1
000041,20231122,1
000041,20231123,1
000041,20231124,1
000041,20231127,1
000041,20231128,1
000041,20231129,1
000041,20231130,1
000041,20231201,1
000041,20231204,1
000041,20231205,1
000041,20231206,1
000041,20231207,1
000041,20231208,1
000042,20231020,1
000042,20231027,1
000042,20231103,1
000042,20231110,1
000042,20231117,1
000043,20231016,1
000043,20231019,1
000043,20231023,1
000043,20231024,1
000043,20231025,1
000043,20231026,1
000043,20231030,1
000043,20231031,1
000043,20231101,1
000043,20231102,1
000043,20231106,1
000043,20231107,1
000043,20231108,1
000043,20231109,1
000043,20231113,1
000043,20231114,1
000043,20231115,1
000043,20231116,1
000044,20231211,1
000044,20231212,1
000044,20231213,1
000044,20231214,1
000044,20231215,1
000044,20231218,1
000044,20231219,1
000044,20231220,1
000044,20231221,1
000044,20231222,1
000044,20231226,1
000044,20231227,1
000044,20231228,1
000044,20231229,1
000044,20240102,1
000044,20240103,1
000044,20240104,1
000044,20240105,1
000045,20240110,1
000045,20240111,1
000046,20240108,1
000046,20240109,1
000047,20231123,1
000047,20231130,1
000047,20231207,1
000048,20231016,1
000048,20231020,1
000048,20231021,1
000048,20231023,1
000048,20231024,1
000048,20231025,1
000048,20231027,1
000048,20231028,1
000048,20231030,1
000048,20231031,1
000048,20231101,1
000048,20231103,1
000048,20231104,1
000048,20231106,1
000048,20231107,1
000048,20231108,1
000048,20231110,1
000048,20231111,1
000048,20231113,1
000048,20231114,1
000048,20231115,1
000048,20231117,1
000048,20231118,1
000049,20231019,1
000049,20231026,1
000049,20231102,1
000049,20231109,1
000049,20231116,1
000050,20240102,1
000050,20240103,1
000050,20240104,1
000050,20240105,1
000050,20240106,1
000051,20231211,1
000051,20231212,1
000051,20231213,1
000051,20231214,1
000051,20231215,1
000051,20231216,1
000051,20231218,1
000051,20231219,1
000051,20231220,1
000051,20231221,1
000051,20231222,1
000051,20231223,1
000051,20231226,1
000051,20231227,1
000051,20231228,1
000051,20231229,1
000051,20231230,1
000052,20231120,1
000052,20231121,1
000052,20231122,1
000052,20231124,1
000052,20231127,1
000052,20231128,1
000052,20231129,1
000052,20231201,1
000052,20231202,1
000052,20231204,1
000052,20231205,1
000052,20231206,1
000052,20231208,1
000052,20231209,1
000053,20231125,1
000054,20231016,1
000054,20231019,1
000054,20231020,1
000054,20231022,1
000054,20231023,1
000054,20231024,1
000054,20231025,1
000054,20231026,1
000054,20231027,1
000054,20231029,1
000054,20231030,1
000054,20231031,1
000054,20231101,1
000054,20231102,1
000054,20231103,1
000054,20231105,1
000054,20231106,1
000054,20231107,1
000054,20231108,1
000054,20231109,1
000054,20231110,1
000054,20231112,1
000054,20231113,1
000054,20231114,1
000055,20231118,1
000056,20231021,1
000056,20231028,1
000056,20231104,1
000056,20231111,1
000057,20231125,1
000057,20231202,1
000057,20231209,1
000058,20231119,1
000058,20231203,1
000059,20231115,1
000059,20231116,1
000059,20231117,1
000060,20231016,1
000060,20231019,1
000060,20231020,1
000060,20231023,1
000060,20231024,1
000060,20231025,1
000060,20231026,1
000060,20231027,1
000060,20231030,1
000060,20231031,1
000060,20231101,1
000060,20231102,1
000060,20231103,1
000060,20231106,1
000060,20231107,1
000060,20231108,1
000060,20231109,1
000060,20231110,1
000060,20231113,1
000060,20231114,1
000060,20231115,1
000060,20231116,1
000060,20231117,1
000061,20231203,1
000062,20231022,1
000062,20231029,1
000062,20231105,1
000062,20231112,1
000062,20231119,1
000063,20231016,1
000063,20231020,1
000063,20231025,1
000063,20231027,1
000063,20231030,1
000063,20231106,1
000063,20231108,1
000063,20231110,1
000063,20231111,1
000063,20231112,1
000063,20231115,1
000063,20231117,1
000063,20231118,1
000063,20231119,1
000064,20231021,1
000064,20231022,1
000064,20231023,1
000064,20231028,1
000064,20231029,1
000064,20231101,1
000064,20231103,1
000064,20231104,1
000064,20231105,1
000065,20231019,1
000065,20231026,1
000065,20231031,1
000065,20231107,1
000065,20231109,1
000065,20231116,1
000066,20231024,1
000066,20231102,1
000067,20231113,1
000067,20231114,1
000068,20231210,1
000068,20231211,1
000068,20231212,1
000068,20231213,1
000068,20231214,1
000068,20231215,1
000068,20231216,1
000068,20231217,1
000068,20231218,1
000068,20231219,1
000068,20231220,1
000068,20231221,1
000068,20231222,1
000068,20231225,1
000068,20231228,1
000068,20240101,1
000068,20240103,1
000068,20240105,1
000069,20231223,1
000069,20231224,1
000069,20231226,1
000069,20231227,1
000069,20231229,1
000069,20231230,1
000069,20231231,1
000069,20240102,1
000069,20240104,1
000069,20240106,1
000069,20240107,1
000070,20231120,1
000070,20231121,1
000070,20231122,1
000070,20231123,1
000070,20231124,1
000070,20231127,1
000070,20231128,1
000070,20231129,1
000070,20231130,1
000070,20231201,1
000070,20231202,1
000070,20231203,1
000070,20231204,1
000070,20231205,1
000070,20231206,1
000070,20231207,1
000070,20231208,1
000070,20231209,1
000071,20231120,1
000071,20231121,1
000071,20231122,1
000071,20231123,1
000071,20231124,1
000071,20231125,1
000071,20231127,1
000071,20231128,1
000071,20231129,1
000071,20231130,1
000071,20231201,1
000071,20231202,1
000071,20231204,1
000071,20231205,1
000071,20231206,1
000071,20231207,1
000071,20231208,1
000071,20231209,1
000072,20231117,1
000073,20231211,1
000073,20231212,1
000073,20231213,1
000073,20231214,1
000073,20231215,1
000073,20231216,1
000073,20231218,1
000073,20231219,1
000073,20231220,1
000073,20231221,1
000073,20231222,1
000073,20231223,1
000073,20231226,1
000073,20231227,1
000073,20231228,1
000073,20231229,1
000073,20231230,1
000073,20240102,1
000073,20240103,1
000073,20240104,1
000073,20240105,1
000073,20240106,1
000074,20231016,1
000074,20231019,1
000074,20231020,1
000074,20231021,1
000074,20231023,1
000074,20231026,1
000074,20231027,1
000074,20231028,1
000074,20231030,1
000074,20231031,1
000074,20231101,1
000074,20231102,1
000074,20231103,1
000074,20231104,1
000074,20231106,1
000074,20231107,1
000074,20231108,1
000074,20231109,1
000074,20231110,1
000074,20231111,1
000075,20231115,1
000075,20231116,1
000075,20231118,1
000076,20231024,1
000076,20231025,1
000077,20231202,1
000077,20231209,1
000078,20231201,1
000078,20231203,1
000078,20231208,1
000079,20231127,1
000079,20231128,1
000079,20231130,1
000079,20231204,1
000079,20231205,1
000080,20231129,1
000080,20231206,1
000080,20231207,1
000081,20231120,1
000081,20231121,1
000081,20231122,1
000081,20231123,1
000081,20231124,1
000082,20231016,1
000082,20231019,1
000082,20231023,1
000082,20231024,1
000082,20231025,1
000082,20231026,1
000083,20231115,1
000083,20231116,1
000084,20231030,1
000084,20231031,1
000084,20231102,1
000084,20231103,1
000084,20231108,1
000084,20231109,1
000085,20231107,1
000086,20231111,1
000086,20231118,1
000087,20231020,1
000087,20231027,1
000087,20231029,1
000087,20231101,1
000087,20231105,1
000087,20231110,1
000087,20231112,1
000087,20231117,1
000087,20231119,1
000088,20231021,1
000088,20231028,1
000088,20231104,1
000089,20231106,1
000090,20231211,1
000090,20231212,1
000090,20231213,1
000090,20231214,1
000090,20231218,1
000090,20231219,1
000090,20231220,1
000090,20231221,1
000090,20231226,1
000090,20231227,1
000090,20231228,1
000090,20240102,1
000090,20240103,1
000090,20240104,1
000091,20231216,1
000092,20231210,1
000092,20231215,1
000092,20231217,1
000092,20231222,1
000092,20231224,1
000092,20231225,1
000092,20231229,1
000092,20231231,1
000092,20240101,1
000092,20240105,1
000092,20240107,1
000093,20231223,1
000093,20231230,1
000093,20240106,1
000094,20231022,1
000094,20231029,1
000094,20231105,1
000094,20231112,1
000095,20231016,1
000095,20231019,1
000095,20231020,1
000095,20231023,1
000095,20231026,1
000095,20231027,1
000095,20231030,1
000095,20231031,1
000095,20231101,1
000095,20231102,1
000095,20231103,1
000095,20231106,1
000095,20231107,1
000095,20231108,1
000095,20231109,1
000095,20231110,1
000095,20231120,1
000095,20231121,1
000095,20231122,1
000095,20231123,1
000095,20231124,1
000095,20231127,1
000095,20231128,1
000095,20231129,1
000095,20231130,1
000095,20231201,1
000095,20231208,1
000096,20231204,1
000096,20231205,1
000097,20231206,1
000097,20231207,1
000098,20231021,1
000098,20231028,1
000098,20231104,1
000098,20231111,1
000098,20231118,1
000099,20231218,1
000099,20231219,1
000099,20231220,1
000099,20231221,1
000099,20231222,1
000100,20231211,1
000100,20231212,1
000100,20231213,1
000100,20231226,1
000100,20231227,1
000100,20231228,1
000100,20231229,1
000100,20240102,1
000100,20240103,1
000100,20240104,1
000100,20240105,1
000101,20231103,1
000102,20231019,1
000103,20231025,1
000104,20231023,1
000104,20231024,1
000105,20231016,1
000106,20231020,1
000106,20231021,1
000106,20231022,1
000106,20231027,1
000106,20231028,1
000106,20231029,1
000106,20231104,1
000106,20231110,1
000106,20231111,1
000106,20231112,1
000106,20231117,1
000106,20231118,1
000106,20231119,1
000107,20231124,1
000107,20231201,1
000107,20231202,1
000107,20231203,1
000107,20231208,1
000107,20231209,1
000108,20231210,1
000108,20231214,1
000108,20231215,1
000108,20231216,1
000108,20231217,1
000108,20231218,1
000108,20231219,1
000108,20231220,1
000108,20231221,1
000108,20231222,1
000108,20231223,1
000108,20231224,1
000108,20231225,1
000108,20231226,1
000108,20231227,1
000108,20231228,1
000108,20231229,1
000108,20231230,1
000108,20231231,1
000108,20240101,1
000108,20240102,1
000108,20240103,1
000108,20240104,1
000108,20240105,1
000108,20240106,1
000108,20240107,1
000109,20231211,1
000109,20231212,1
000109,20231213,1
000110,20231030,1
000110,20231031,1
000110,20231102,1
000110,20231108,1
000110,20231109,1
000110,20231127,1
000110,20231128,1
000110,20231130,1
000110,20231204,1
000110,20231205,1
000111,20231105,1
000112,20231107,1
000112,20231120,1
000112,20231121,1
000112,20231122,1
000112,20231123,1
000112,20231129,1
000112,20231206,1
000112,20231207,1
000113,20231026,1
000114,20231020,1
000114,20231027,1
000115,20231028,1
000115,20231101,1
000115,20231104,1
000115,20231111,1
000115,20231118,1
000116,20231021,1
000117,20231108,1
000117,20231109,1
000118,20231216,1
000118,20231223,1
000118,20231226,1
000118,20231227,1
000118,20231228,1
000118,20231229,1
000118,20231230,1
000118,20240102,1
000118,20240103,1
000118,20240104,1
000118,20240105,1
000118,20240106,1
000119,20231120,1
000119,20231121,1
000119,20231122,1
000119,20231123,1
000119,20231124,1
000119,20231129,1
000119,20231201,1
000119,20231202,1
000119,20231208,1
000119,20231209,1
000120,20231106,1
000120,20231110,1
000121,20231030,1
000121,20231031,1
000121,20231102,1
000121,20231103,1
000122,20231127,1
000122,20231128,1
000122,20231130,1
000123,20231120,1
000123,20231121,1
000123,20231122,1
000123,20231123,1
000124,20231107,1
000124,20231129,1
000124,20231206,1
000124,20231207,1
000125,20231124,1
000125,20231126,1
000125,20231201,1
000125,20231202,1
000125,20231203,1
000125,20231208,1
000125,20231209,1
000126,20231210,1
000126,20231215,1
000126,20231216,1
000126,20231217,1
000126,20231218,1
000126,20231219,1
000126,20231220,1
000126,20231221,1
000126,20231222,1
000126,20231224,1
000126,20231225,1
000126,20231226,1
000126,20231227,1
000126,20231228,1
000126,20231229,1
000126,20231230,1
000126,20231231,1
000126,20240101,1
000126,20240102,1
000126,20240103,1
000126,20240104,1
000126,20240105,1
000126,20240106,1
000126,20240107,1
000127,20231223,1
000128,20231031,1
000129,20231030,1
000129,20231102,1
000129,20231108,1
000129,20231109,1
000129,20231127,1
000129,20231128,1
000129,20231130,1
000130,20231020,1
000130,20231029,1
000130,20231104,1
000130,20231110,1
000130,20231111,1
000130,20231117,1
000130,20231118,1
000130,20231119,1
000131,20231021,1
000131,20231022,1
000131,20231027,1
000131,20231028,1
000132,20231023,1
000132,20231024,1
000132,20231025,1
000133,20231019,1
000133,20231116,1
000134,20231115,1
000135,20231211,1
000135,20231212,1
000136,20231022,1
000136,20231029,1
000136,20231105,1
000136,20231112,1
000136,20231119,1
000136,20231203,1
000137,20231120,1
000137,20231121,1
000137,20231122,1
000137,20231123,1
000137,20231124,1
000137,20231127,1
000137,20231128,1
000137,20231129,1
000137,20231130,1
000137,20231201,1
000137,20231202,1
000137,20231203,1
000137,20231208,1
000137,20231209,1
000138,20231020,1
000138,20231106,1
000138,20231107,1
000138,20231108,1
000138,20231109,1
000138,20231110,1
000138,20231111,1
000138,20231112,1
000138,20231118,1
000138,20231119,1
000139,20231114,1
000140,20231113,1
000141,20231024,1
000142,20231023,1
000143,20231016,1
000143,20231019,1
000144,20231021,1
000144,20231022,1
000144,20231027,1
000144,20231028,1
000144,20231029,1
000144,20231030,1
000144,20231031,1
000144,20231101,1
000144,20231102,1
000144,20231103,1
000144,20231104,1
000144,20231105,1
000145,20231116,1
000146,20231210,1
000146,20231211,1
000146,20231212,1
000146,20231213,1
000146,20231214,1
000146,20231215,1
000146,20231216,1
000146,20231217,1
000146,20231218,1
000146,20231219,1
000146,20231220,1
000146,20231221,1
000146,20231222,1
000146,20231224,1
000146,20231225,1
000146,20231231,1
000146,20240101,1
000146,20240102,1
000146,20240104,1
000147,20231223,1
000147,20231226,1
000147,20231227,1
000147,20231228,1
000147,20231229,1
000147,20231230,1
000147,20240103,1
000147,20240105,1
000147,20240106,1
000147,20240107,1
000148,20231204,1
000148,20231205,1
000148,20231206,1
000148,20231207,1
000149,20231126,1
000150,20231020,1
000150,20231027,1
000150,20231030,1
000150,20231031,1
000150,20231101,1
000150,20231102,1
000150,20231103,1
000150,20231106,1
000150,20231107,1
000150,20231108,1
000150,20231109,1
000150,20231110,1
000150,20231113,1
000150,20231120,1
000150,20231121,1
000150,20231122,1
000150,20231123,1
000150,20231124,1
000150,20231127,1
000150,20231128,1
000150,20231129,1
000150,20231130,1
000150,20231201,1
000150,20231204,1
000150,20231205,1
000150,20231206,1
000150,20231207,1
000150,20231208,1
000151,20231210,1
000151,20231217,1
000151,20231224,1
000151,20231231,1
000151,20240107,1
000152,20231225,1
000152,20240101,1
000153,20231126,1
000153,20231203,1
000154,20231016,1
000154,20231019,1
000154,20231020,1
000154,20231025,1
000154,20231026,1
000154,20231027,1
000154,20231030,1
000154,20231031,1
000154,20231101,1
000154,20231102,1
000154,20231103,1
000154,20231106,1
000154,20231107,1
000154,20231108,1
000154,20231109,1
000154,20231110,1
000154,20231114,1
000154,20231115,1
000154,20231117,1
000155,20231021,1
000155,20231022,1
000155,20231028,1
000155,20231029,1
000155,20231104,1
000155,20231105,1
000155,20231111,1
000155,20231112,1
000155,20231118,1
000155,20231119,1
000156,20231211,1
000156,20231212,1
000156,20231215,1
000156,20231218,1
000156,20231219,1
000156,20231220,1
000156,20231221,1
000156,20231222,1
000156,20231226,1
000156,20231227,1
000156,20231228,1
000156,20231229,1
000156,20240102,1
000156,20240103,1
000156,20240104,1
000156,20240105,1
000157,20231126,1
000157,20231202,1
000157,20231203,1
000157,20231209,1
000158,20231021,1
000158,20231022,1
000158,20231028,1
000158,20231029,1
000158,20231104,1
000158,20231105,1
000158,20231111,1
000158,20231118,1
000158,20231119,1
000159,20231023,1
000159,20231024,1
000159,20231113,1
000159,20231116,1
000160,20231210,1
000160,20231216,1
000160,20231217,1
000160,20231223,1
000160,20231224,1
000160,20231225,1
000160,20231226,1
000160,20231227,1
000160,20231228,1
000160,20231229,1
000160,20231230,1
000160,20231231,1
000160,20240101,1
000160,20240102,1
000160,20240103,1
000160,20240104,1
000160,20240105,1
000160,20240106,1
000160,20240107,1
000161,20231016,1
000161,20231019,1
000161,20231020,1
000161,20231025,1
000161,20231026,1
000161,20231027,1
000161,20231030,1
000161,20231031,1
000161,20231101,1
000161,20231102,1
000161,20231103,1
000161,20231106,1
000161,20231107,1
000161,20231108,1
000161,20231109,1
000161,20231110,1
000161,20231115,1
000161,20231117,1
000162,20231211,1
000162,20231212,1
000162,20231213,1
000162,20231214,1
000162,20231215,1
000162,20231218,1
000162,20231219,1
000162,20231220,1
000162,20231221,1
000162,20231222,1
000163,20231120,1
000163,20231121,1
000163,20231122,1
000163,20231123,1
000163,20231124,1
000163,20231126,1
000163,20231127,1
000163,20231128,1
000163,20231129,1
000163,20231130,1
000163,20231201,1
000163,20231202,1
000163,20231203,1
000163,20231204,1
000163,20231205,1
000163,20231206,1
000163,20231207,1
000163,20231208,1
000163,20231209,1
000164,20231016,1
000164,20231019,1
000164,20231020,1
000164,20231022,1
000164,20231023,1
000164,20231024,1
000164,20231025,1
000164,20231026,1
000164,20231027,1
000164,20231029,1
000164,20231030,1
000164,20231031,1
000164,20231101,1
000164,20231102,1
000164,20231105,1
000164,20231106,1
000164,20231107,1
000164,20231108,1
000164,20231109,1
000164,20231110,1
000164,20231111,1
000164,20231112,1
000164,20231113,1
000164,20231114,1
000164,20231115,1
000164,20231116,1
000164,20231117,1
000164,20231118,1
000164,20231119,1
000165,20231021,1
000165,20231028,1
000165,20231103,1
000165,20231104,1
000166,20231210,1
000166,20231211,1
000166,20231212,1
000166,20231213,1
000166,20231214,1
000166,20231215,1
000166,20231216,1
000166,20231217,1
000166,20231218,1
000166,20231219,1
000166,20231220,1
000166,20231221,1
000166,20231222,1
000166,20231224,1
000166,20231225,1
000166,20231226,1
000166,20231227,1
000166,20231228,1
000166,20231229,1
000166,20231231,1
000166,20240101,1
000166,20240102,1
000166,20240103,1
000166,20240104,1
000166,20240105,1
000166,20240107,1
000167,20231111,1
000167,20231202,1
000167,20231209,1
000168,20231101,1
000168,20231120,1
000168,20231121,1
000168,20231122,1
000168,20231123,1
000168,20231124,1
000168,20231127,1
000168,20231128,1
000168,20231129,1
000168,20231130,1
000168,20231201,1
000168,20231204,1
000168,20231205,1
000168,20231206,1
000168,20231207,1
000168,20231208,1
000169,20231021,1
000169,20231028,1
000169,20231104,1
000169,20231118,1
000170,20231016,1
000170,20231019,1
000170,20231020,1
000170,20231023,1
000170,20231024,1
000170,20231025,1
000170,20231026,1
000170,20231027,1
000170,20231030,1
000170,20231031,1
000170,20231102,1
000170,20231103,1
000170,20231106,1
000170,20231107,1
000170,20231108,1
000170,20231109,1
000170,20231110,1
000170,20231115,1
000170,20231116,1
000170,20231117,1
000171,20231210,1
000171,20231211,1
000171,20231212,1
000171,20231213,1
000171,20231214,1
000171,20231215,1
000171,20231217,1
000171,20231218,1
000171,20231219,1
000171,20231220,1
000171,20231221,1
000171,20231222,1
000171,20231224,1
000171,20231225,1
000171,20231226,1
000171,20231227,1
000171,20231228,1
000171,20231229,1
000171,20231231,1
000171,20240101,1
000171,20240102,1
000171,20240103,1
000171,20240104,1
000171,20240105,1
000171,20240107,1
000172,20231216,1
000172,20231223,1
000172,20231230,1
000173,20240106,1
000174,20231124,1
000174,20231201,1
000175,20231016,1
000175,20231019,1
000175,20231020,1
000175,20231023,1
000175,20231024,1
000175,20231025,1
000175,20231026,1
000175,20231027,1
000175,20231030,1
000175,20231031,1
000175,20231101,1
000175,20231102,1
000175,20231103,1
000175,20231106,1
000175,20231107,1
000175,20231108,1
000175,20231109,1
000175,20231110,1
000175,20231113,1
000175,20231117,1
000176,20231114,1
000176,20231115,1
000176,20231116,1
000176,20231120,1
000176,20231121,1
000176,20231122,1
000176,20231123,1
000176,20231127,1
000176,20231128,1
000176,20231129,1
000176,20231130,1
000176,20231204,1
000176,20231205,1
000176,20231206,1
000176,20231207,1
000177,20231211,1
000177,20231212,1
000177,20231213,1
000177,20231214,1
000177,20231218,1
000177,20231219,1
000177,20231220,1
000177,20231221,1
000178,20231208,1
000179,20231120,1
000179,20231121,1
000179,20231122,1
000179,20231123,1
000179,20231127,1
000179,20231128,1
000179,20231129,1
000179,20231130,1
000180,20231020,1
000180,20231021,1
000180,20231022,1
000180,20231027,1
000180,20231028,1
000180,20231029,1
000180,20231103,1
000180,20231104,1
000180,20231105,1
000180,20231110,1
000180,20231111,1
000180,20231112,1
000180,20231117,1
000180,20231118,1
000180,20231119,1
000181,20231016,1
000181,20231019,1
000181,20231023,1
000181,20231024,1
000181,20231025,1
000181,20231026,1
000181,20231030,1
000181,20231031,1
000181,20231102,1
000181,20231106,1
000181,20231107,1
000181,20231108,1
000181,20231109,1
000181,20231113,1
000181,20231114,1
000181,20231115,1
000181,20231116,1
000182,20231124,1
000182,20231126,1
000182,20231201,1
000182,20231202,1
000182,20231203,1
000182,20231204,1
000182,20231205,1
000182,20231206,1
000182,20231207,1
000182,20231208,1
000182,20231209,1
000183,20231211,1
000183,20231212,1
000183,20231213,1
000183,20231214,1
000183,20231215,1
000184,20231210,1
000184,20231216,1
000184,20231217,1
000184,20231218,1
000184,20231219,1
000184,20231220,1
000184,20231221,1
000184,20231223,1
000184,20231224,1
000184,20231225,1
000184,20231226,1
000184,20231227,1
000184,20231228,1
000184,20231229,1
000184,20231230,1
000184,20231231,1
000184,20240101,1
000184,20240107,1
000185,20231222,1
000186,20231028,1
000187,20231027,1
000188,20231020,1
000189,20231124,1
000190,20231201,1
000191,20231029,1
000192,20231206,1
000193,20231102,1
000194,20231129,1
000195,20231127,1
000196,20231109,1
000197,20231121,1
000198,20231130,1
000199,20231207,1
000200,20231205,1
000201,20231204,1
000202,20231128,1
000203,20231122,1
000204,20231123,1
000205,20231030,1
000206,20231108,1
000207,20231120,1
000208,20231209,1
000209,20231119,1
000210,20231028,1
000210,20231104,1
000210,20231111,1
000210,20231118,1
000210,20231202,1
000211,20231020,1
000211,20231027,1
000211,20231103,1
000211,20231110,1
000211,20231117,1
000211,20231124,1
000211,20231201,1
000211,20231208,1
000212,20231016,1
000212,20231019,1
000212,20231023,1
000212,20231024,1
000212,20231115,1
000212,20231116,1
000212,20231122,1
000212,20231123,1
000213,20231026,1
000213,20231030,1
000213,20231031,1
000213,20231102,1
000213,20231106,1
000213,20231107,1
000213,20231108,1
000213,20231109,1
000213,20231113,1
000213,20231114,1
000213,20231120,1
000213,20231121,1
000213,20231127,1
000213,20231128,1
000213,20231129,1
000213,20231130,1
000213,20231204,1
000213,20231205,1
000213,20231206,1
000213,20231207,1
000214,20231022,1
000214,20231029,1
000214,20231119,1
000214,20231126,1
000214,20231203,1
000215,20231202,1
000216,20231016,1
000216,20231019,1
000216,20231023,1
000216,20231024,1
000216,20231025,1
000216,20231026,1
000216,20231030,1
000216,20231031,1
000216,20231101,1
000216,20231102,1
000216,20231106,1
000216,20231107,1
000216,20231108,1
000216,20231109,1
000216,20231113,1
000216,20231114,1
000216,20231115,1
000216,20231116,1
000216,20231120,1
000216,20231121,1
000216,20231122,1
000216,20231123,1
000216,20231127,1
000216,20231128,1
000216,20231129,1
000216,20231130,1
000216,20231204,1
000216,20231205,1
000216,20231206,1
000216,20231207,1
000217,20231029,1
000217,20231119,1
000218,20231022,1
000218,20231126,1
000218,20231202,1
000218,20231203,1
000218,20231209,1
000219,20231105,1
000219,20231112,1
000220,20231028,1
000220,20231104,1
000220,20231111,1
000220,20231118,1
000221,20231217,1
000222,20240107,1
000223,20231215,1
000223,20231222,1
000223,20231225,1
000223,20231226,1
000223,20231227,1
000223,20231228,1
000223,20231229,1
000223,20240101,1
000223,20240102,1
000223,20240103,1
000223,20240104,1
000223,20240105,1
000223,20240108,1
000223,20240109,1
000224,20231211,1
000224,20231212,1
000224,20231213,1
000224,20231214,1
000224,20240103,1
000224,20240104,1
000225,20231218,1
000225,20231219,1
000225,20231220,1
000225,20231221,1
000225,20231225,1
000225,20231226,1
000225,20231227,1
000225,20231228,1
000225,20240101,1
000225,20240102,1
000225,20240108,1
000225,20240109,1
000226,20231021,1
000226,20231022,1
000226,20231028,1
000226,20231029,1
000226,20231104,1
000226,20231105,1
000226,20231111,1
000226,20231112,1
000226,20231118,1
000226,20231119,1
000226,20231126,1
000226,20231202,1
000226,20231203,1
000226,20231209,1
000227,20231215,1
000227,20231222,1
000227,20231229,1
000227,20240105,1
000228,20231218,1
000229,20240108,1
000230,20231213,1
000231,20231212,1
000232,20240103,1
000233,20231214,1
000234,20231228,1
000235,20231227,1
000236,20240102,1
000237,20231219,1
000238,20231221,1
000239,20231220,1
000240,20231211,1
000241,20240104,1
000242,20231226,1
000243,20231210,1
000244,20231225,1
000245,20240101,1
000246,20240110,1
000247,20240111,1
000248,20240109,1
000249,20231229,1
000250,20240105,1
000251,20231215,1
000252,20231230,1
000253,20231016,1
000253,20231019,1
000253,20231020,1
000253,20231023,1
000253,20231024,1
000253,20231025,1
000253,20231026,1
000253,20231027,1
000253,20231028,1
000253,20231029,1
000253,20231030,1
000253,20231031,1
000253,20231101,1
000253,20231102,1
000253,20231103,1
000253,20231104,1
000253,20231105,1
000253,20231106,1
000253,20231107,1
000253,20231108,1
000253,20231109,1
000253,20231110,1
000254,20231021,1
000254,20231022,1
000255,20231111,1
000255,20231112,1
000255,20231113,1
000255,20231114,1
000255,20231115,1
000255,20231116,1
000255,20231117,1
000255,20231118,1
000255,20231119,1
000255,20231120,1
000255,20231121,1
000255,20231122,1
000255,20231123,1
000255,20231124,1
000255,20231125,1
000255,20231126,1
000255,20231127,1
000255,20231128,1
000255,20231129,1
000255,20231130,1
000255,20231201,1
000255,20231202,1
000255,20231203,1
000255,20231204,1
000255,20231205,1
000255,20231206,1
000255,20231207,1
000255,20231208,1
000255,20231209,1
000256,20231016,1
000256,20231019,1
000256,20231020,1
000256,20231024,1
000256,20231025,1
000256,20231026,1
000256,20231029,1
000256,20231030,1
000256,20231031,1
000256,20231101,1
000256,20231102,1
000256,20231103,1
000256,20231105,1
000256,20231106,1
000256,20231107,1
000256,20231108,1
000256,20231109,1
000256,20231110,1
000257,20231023,1
000257,20231027,1
000257,20231104,1
000258,20240109,1
000258,20240110,1
000258,20240111,1
000259,20231016,1
000259,20231019,1
000259,20231020,1
000259,20231021,1
000259,20231022,1
000259,20231023,1
000259,20231024,1
000259,20231025,1
000259,20231026,1
000259,20231027,1
000259,20231028,1
000259,20231029,1
000259,20231030,1
000259,20231031,1
000259,20231101,1
000259,20231102,1
000259,20231103,1
000259,20231104,1
000259,20231105,1
000259,20231106,1
000259,20231107,1
000259,20231108,1
000259,20231109,1
000259,20231110,1
000259,20231111,1
000259,20231112,1
000259,20231113,1
000259,20231114,1
000259,20231115,1
000259,20231116,1
000259,20231117,1
000259,20231119,1
000259,20231120,1
000259,20231121,1
000259,20231122,1
000259,20231123,1
000259,20231124,1
000259,20231125,1
000259,20231126,1
000259,20231127,1
000259,20231128,1
000259,20231129,1
000259,20231130,1
000259,20231201,1
000259,20231202,1
000259,20231203,1
000259,20231204,1
000259,20231205,1
000259,20231206,1
000259,20231207,1
000259,20231208,1
000259,20231209,1
000260,20231211,1
000260,20231212,1
000260,20231213,1
000260,20231214,1
000260,20231215,1
000260,20231218,1
000260,20231219,1
000260,20231220,1
000260,20231221,1
000260,20231222,1
000260,20231225,1
000260,20231226,1
000260,20231227,1
000260,20231228,1
000260,20231229,1
000260,20240101,1
000260,20240102,1
000260,20240103,1
000260,20240104,1
000260,20240105,1
000260,20240108,1
000260,20240109,1
000260,20240110,1
000260,20240111,1
000261,20231210,1
000261,20231216,1
000261,20231217,1
000261,20231223,1
000261,20231224,1
000261,20231230,1
000261,20231231,1
000261,20240106,1
000261,20240107,1
000262,20231111,1
000262,20231112,1
000262,20231113,1
000262,20231114,1
000262,20231115,1
000262,20231116,1
000262,20231117,1
000262,20231119,1
000262,20231120,1
000262,20231121,1
000262,20231122,1
000262,20231123,1
000262,20231124,1
000262,20231125,1
000262,20231126,1
000262,20231127,1
000262,20231128,1
000262,20231129,1
000262,20231130,1
000262,20231201,1
000262,20231202,1
000262,20231203,1
000262,20231204,1
000262,20231205,1
000262,20231206,1
000262,20231207,1
000262,20231208,1
000262,20231209,1
000263,20231016,1
000263,20231019,1
000263,20231020,1
000263,20231023,1
000263,20231024,1
000263,20231025,1
000263,20231026,1
000263,20231027,1
000263,20231029,1
000263,20231030,1
000263,20231031,1
000263,20231101,1
000263,20231102,1
000263,20231103,1
000263,20231104,1
000263,20231105,1
000263,20231106,1
000263,20231107,1
000263,20231108,1
000263,20231109,1
000263,20231110,1
000264,20231016,1
000264,20231019,1
000264,20231020,1
000264,20231021,1
000264,20231022,1
000264,20231023,1
000264,20231024,1
000264,20231025,1
000264,20231026,1
000264,20231027,1
000264,20231028,1
000264,20231029,1
000264,20231030,1
000264,20231031,1
000264,20231101,1
000264,20231102,1
000264,20231103,1
000264,20231104,1
000264,20231105,1
000264,20231106,1
000264,20231107,1
000264,20231108,1
000264,20231109,1
000264,20231110,1
000264,20231111,1
000264,20231112,1
000264,20231113,1
000264,20231114,1
000264,20231115,1
000264,20231116,1
000264,20231117,1
000264,20231118,1
000264,20231119,1
000264,20231120,1
000264,20231121,1
000264,20231122,1
000264,20231123,1
000264,20231124,1
000264,20231125,1
000264,20231126,1
000264,20231127,1
000264,20231128,1
000264,20231129,1
000264,20231130,1
000264,20231201,1
000264,20231202,1
000264,20231203,1
000264,20231204,1
000264,20231205,1
000264,20231206,1
000264,20231207,1
000264,20231208,1
000264,20231209,1
000265,20231016,1
000265,20231019,1
000265,20231020,1
000265,20231021,1
000265,20231023,1
000265,20231024,1
000265,20231025,1
000265,20231026,1
000265,20231027,1
000265,20231029,1
000265,20231030,1
000265,20231031,1
000265,20231101,1
000265,20231102,1
000265,20231103,1
000265,20231104,1
000265,20231106,1
000265,20231107,1
000265,20231108,1
000265,20231109,1
000265,20231110,1
000265,20231111,1
000265,20231112,1
000265,20231113,1
000265,20231114,1
000265,20231115,1
000265,20231116,1
000265,20231117,1
000265,20231118,1
000265,20231119,1
000265,20231120,1
000265,20231121,1
000265,20231122,1
000265,20231123,1
000265,20231124,1
000265,20231125,1
000265,20231126,1
000265,20231127,1
000265,20231128,1
000265,20231129,1
000265,20231130,1
000265,20231201,1
000265,20231202,1
000265,20231203,1
000265,20231204,1
000265,20231205,1
000265,20231206,1
000265,20231207,1
000265,20231208,1
000265,20231209,1
000266,20231022,1
000266,20231028,1
000266,20231105,1
000267,20231210,1
000267,20231211,1
000267,20231212,1
000267,20231213,1
000267,20231214,1
000267,20231215,1
000267,20231216,1
000267,20231217,1
000267,20231218,1
000267,20231219,1
000267,20231220,1
000267,20231221,1
000267,20231222,1
000267,20231223,1
000267,20231225,1
000267,20231226,1
000267,20231227,1
000267,20231228,1
000267,20231229,1
000267,20231230,1
000267,20240101,1
000267,20240102,1
000267,20240103,1
000267,20240104,1
000267,20240105,1
000267,20240106,1
000267,20240109,1
000267,20240110,1
000267,20240111,1
000268,20231224,1
000268,20231231,1
000268,20240107,1
000269,20231016,1
000269,20231019,1
000269,20231020,1
000269,20231022,1
000269,20231023,1
000269,20231024,1
000269,20231025,1
000269,20231026,1
000269,20231027,1
000269,20231029,1
000269,20231030,1
000269,20231031,1
000269,20231101,1
000269,20231102,1
000269,20231103,1
000269,20231104,1
000269,20231105,1
000269,20231106,1
000269,20231107,1
000269,20231108,1
000269,20231109,1
000269,20231110,1
000269,20231111,1
000269,20231112,1
000269,20231113,1
000269,20231114,1
000269,20231115,1
000269,20231116,1
000269,20231117,1
000269,20231119,1
000269,20231120,1
000269,20231121,1
000269,20231122,1
000269,20231123,1
000269,20231124,1
000269,20231125,1
000269,20231126,1
000269,20231127,1
000269,20231128,1
000269,20231129,1
000269,20231130,1
000269,20231201,1
000269,20231202,1
000269,20231203,1
000269,20231204,1
000269,20231205,1
000269,20231206,1
000269,20231207,1
000269,20231208,1
000269,20231209,1
000270,20231021,1
000270,20231028,1
000270,20231118,1
000271,20231210,1
000271,20231211,1
000271,20231212,1
000271,20231213,1
000271,20231214,1
000271,20231215,1
000271,20231216,1
000271,20231217,1
000271,20231218,1
000271,20231219,1
000271,20231220,1
000271,20231221,1
000271,20231222,1
000271,20231223,1
000271,20231224,1
000271,20231225,1
000271,20231226,1
000271,20231227,1
000271,20231228,1
000271,20231229,1
000271,20231230,1
000271,20231231,1
000271,20240101,1
000271,20240102,1
000271,20240103,1
000271,20240104,1
000271,20240105,1
000271,20240106,1
000271,20240107,1
000271,20240108,1
000272,20231125,1
000272,20231202,1
000272,20231203,1
000272,20231209,1
000273,20231206,1
000273,20231207,1
000273,20231208,1
000274,20231013,1
000274,20231016,1
000274,20231017,1
000274,20231018,1
000274,20231019,1
000274,20231020,1
000274,20231023,1
000274,20231024,1
000274,20231025,1
000274,20231026,1
000274,20231027,1
000274,20231030,1
000274,20231031,1
000274,20231101,1
000274,20231102,1
000274,20231103,1
000274,20231106,1
000274,20231107,1
000274,20231108,1
000274,20231109,1
000274,20231110,1
000274,20231113,1
000274,20231114,1
000274,20231115,1
000274,20231116,1
000274,20231117,1
000275,20231014,1
000275,20231015,1
000275,20231021,1
000275,20231022,1
000275,20231028,1
000275,20231029,1
000275,20231104,1
000275,20231105,1
000275,20231111,1
000275,20231112,1
000275,20231118,1
000275,20231119,1
000276,20231210,1
000276,20231211,1
000276,20231212,1
000276,20231213,1
000276,20231214,1
000276,20231215,1
000276,20231216,1
000276,20231217,1
000276,20231218,1
000276,20231219,1
000276,20231220,1
000276,20231221,1
000276,20231222,1
000276,20231223,1
000276,20231224,1
000276,20231225,1
000276,20231226,1
000276,20231227,1
000276,20231228,1
000276,20231229,1
000276,20231230,1
000276,20231231,1
000276,20240101,1
000276,20240102,1
000276,20240103,1
000276,20240104,1
000276,20240105,1
000276,20240106,1
000276,20240107,1
000277,20240108,1
000277,20240109,1
000277,20240110,1
000277,20240111,1
000278,20231013,1
000278,20231014,1
000278,20231015,1
000278,20231016,1
000278,20231017,1
000278,20231018,1
000278,20231019,1
000278,20231020,1
000278,20231021,1
000278,20231022,1
000278,20231023,1
000278,20231024,1
000278,20231025,1
000278,20231026,1
000278,20231027,1
000278,20231028,1
000278,20231029,1
000278,20231030,1
000278,20231031,1
000278,20231101,1
000278,20231102,1
000278,20231103,1
000278,20231104,1
000278,20231105,1
000278,20231106,1
000278,20231107,1
000278,20231108,1
000278,20231109,1
000278,20231110,1
000278,20231111,1
000278,20231112,1
000278,20231113,1
000278,20231114,1
000278,20231115,1
000278,20231116,1
000278,20231117,1
000278,20231118,1
000278,20231119,1
000278,20231120,1
000278,20231121,1
000278,20231122,1
000278,20231123,1
000278,20231124,1
000278,20231126,1
000278,20231127,1
000278,20231128,1
000278,20231129,1
000278,20231130,1
000278,20231201,1
000278,20231202,1
000278,20231203,1
000278,20231204,1
000278,20231205,1
000278,20231206,1
000278,20231207,1
000278,20231208,1
000278,20231209,1
000279,20231014,1
000279,20231015,1
000279,20231021,1
000279,20231022,1
000279,20231028,1
000279,20231029,1
000279,20231104,1
000279,20231105,1
000279,20231111,1
000279,20231112,1
000279,20231118,1
000279,20231119,1
000279,20231202,1
000279,20231203,1
000279,20231209,1
000280,20231120,1
000280,20231201,1
000281,20231124,1
000281,20231127,1
000282,20231030,1
000282,20231102,1
000282,20231103,1
000283,20231016,1
000283,20231020,1
000283,20231024,1
000283,20231025,1
000283,20231026,1
000283,20231027,1
000283,20231031,1
000283,20231113,1
000283,20231204,1
000283,20231208,1
000284,20231014,1
000284,20231015,1
000284,20231028,1
000284,20231029,1
000284,20231104,1
000284,20231105,1
000284,20231111,1
000284,20231112,1
000284,20231202,1
000284,20231203,1
000285,20231212,1
000285,20231213,1
000285,20231214,1
000285,20231215,1
000285,20231216,1
000285,20231217,1
000285,20231218,1
000285,20231219,1
000285,20231220,1
000285,20231221,1
000285,20231222,1
000285,20231223,1
000285,20231224,1
000285,20231225,1
000285,20231226,1
000285,20231227,1
000285,20231228,1
000285,20231229,1
000285,20231230,1
000285,20231231,1
000285,20240101,1
000285,20240102,1
000285,20240103,1
000285,20240104,1
000285,20240105,1
000285,20240106,1
000285,20240107,1
000286,20231013,1
000286,20231016,1
000286,20231017,1
000286,20231018,1
000286,20231019,1
000286,20231020,1
000286,20231030,1
000286,20231031,1
000286,20231101,1
000286,20231102,1
000286,20231103,1
000286,20231106,1
000286,20231107,1
000286,20231108,1
000286,20231109,1
000286,20231110,1
000286,20231113,1
000286,20231114,1
000286,20231115,1
000286,20231116,1
000286,20231117,1
000286,20231118,1
000286,20231119,1
000286,20231121,1
000286,20231122,1
000286,20231123,1
000286,20231128,1
000286,20231129,1
000286,20231130,1
000286,20231204,1
000286,20231205,1
000286,20231206,1
000286,20231207,1
000286,20231208,1
000287,20231013,1
000287,20231014,1
000287,20231016,1
000287,20231017,1
000287,20231018,1
000287,20231019,1
000287,20231020,1
000287,20231021,1
000287,20231023,1
000287,20231024,1
000287,20231025,1
000287,20231026,1
000287,20231027,1
000287,20231028,1
000287,20231030,1
000287,20231031,1
000287,20231101,1
000287,20231102,1
000287,20231103,1
000287,20231104,1
000287,20231106,1
000287,20231107,1
000287,20231108,1
000287,20231109,1
000287,20231110,1
000287,20231111,1
000287,20231113,1
000287,20231114,1
000287,20231115,1
000287,20231116,1
000287,20231117,1
000287,20231118,1
000287,20231120,1
000287,20231121,1
000287,20231122,1
000287,20231123,1
000287,20231124,1
000287,20231127,1
000287,20231128,1
000287,20231129,1
000287,20231130,1
000287,20231201,1
000287,20231202,1
000287,20231204,1
000287,20231205,1
000287,20231206,1
000287,20231207,1
000287,20231208,1
000287,20231209,1
000288,20231015,1
000288,20231022,1
000288,20231029,1
000288,20231105,1
000288,20231112,1
000288,20231119,1
000288,20231126,1
000288,20231203,1
000289,20231013,1
000289,20231016,1
000289,20231020,1
000289,20231030,1
000289,20231031,1
000289,20231102,1
000289,20231103,1
000289,20231106,1
000289,20231110,1
000289,20231113,1
000289,20231117,1
000289,20231118,1
000289,20231120,1
000289,20231121,1
000289,20231122,1
000289,20231123,1
000289,20231124,1
000289,20231127,1
000289,20231128,1
000289,20231129,1
000289,20231130,1
000289,20231201,1
000289,20231204,1
000289,20231208,1
000290,20231029,1
000290,20231105,1
000290,20231112,1
000290,20231203,1
000291,20231014,1
000291,20231028,1
000291,20231104,1
000291,20231111,1
000291,20231202,1
000292,20231021,1
000292,20231209,1
000293,20231101,1
000293,20231119,1
000294,20231216,1
000294,20231217,1
000294,20231218,1
000294,20231219,1
000294,20231220,1
000294,20231221,1
000294,20231222,1
000294,20231223,1
000294,20231224,1
000294,20231225,1
000294,20231226,1
000294,20231227,1
000294,20231228,1
000294,20231229,1
000294,20231230,1
000294,20231231,1
000294,20240101,1
000294,20240102,1
000294,20240103,1
000294,20240104,1
000294,20240105,1
000294,20240106,1
000294,20240107,1
000295,20231212,1
000295,20231213,1
000295,20231214,1
000295,20231215,1
000296,20231218,1
000296,20231225,1
000296,20240101,1
000296,20240108,1
000297,20231215,1
000297,20231222,1
000297,20240105,1
000298,20231217,1
000298,20231224,1
000298,20231231,1
000298,20240107,1
000299,20231216,1
000299,20231223,1
000299,20240106,1
000300,20231218,1
000300,20240108,1
000301,20231016,1
000301,20231019,1
000301,20231020,1
000301,20231021,1
000301,20231022,1
000301,20231023,1
000301,20231024,1
000301,20231025,1
000301,20231026,1
000301,20231027,1
000301,20231028,1
000301,20231029,1
000301,20231030,1
000301,20231031,1
000301,20231101,1
000301,20231102,1
000301,20231103,1
000301,20231104,1
000301,20231105,1
000301,20231111,1
000301,20231112,1
000301,20231118,1
000301,20231119,1
000301,20231125,1
000301,20231127,1
000301,20231128,1
000301,20231129,1
000301,20231130,1
000301,20231201,1
000301,20231202,1
000301,20231203,1
000301,20231204,1
000301,20231205,1
000301,20231206,1
000301,20231207,1
000301,20231208,1
000301,20231209,1
000302,20231106,1
000302,20231107,1
000302,20231108,1
000302,20231109,1
000302,20231110,1
000302,20231113,1
000302,20231114,1
000302,20231115,1
000302,20231116,1
000302,20231117,1
000302,20231120,1
000302,20231121,1
000302,20231122,1
000302,20231123,1
000302,20231124,1
000303,20231021,1
000303,20231025,1
000303,20231028,1
000303,20231101,1
000303,20231104,1
000303,20231108,1
000303,20231111,1
000303,20231115,1
000303,20231118,1
000303,20231122,1
000303,20231129,1
000303,20231202,1
000303,20231206,1
000303,20231209,1
000304,20231016,1
000304,20231019,1
000304,20231020,1
000304,20231022,1
000304,20231023,1
000304,20231024,1
000304,20231026,1
000304,20231027,1
000304,20231029,1
000304,20231030,1
000304,20231031,1
000304,20231102,1
000304,20231103,1
000304,20231105,1
000304,20231106,1
000304,20231107,1
000304,20231109,1
000304,20231110,1
000304,20231112,1
000304,20231113,1
000304,20231114,1
000304,20231116,1
000304,20231117,1
000304,20231119,1
000304,20231120,1
000304,20231121,1
000304,20231123,1
000304,20231124,1
000304,20231127,1
000304,20231128,1
000304,20231130,1
000304,20231201,1
000304,20231203,1
000304,20231204,1
000304,20231205,1
000304,20231207,1
000304,20231208,1
000305,20231016,1
000305,20231019,1
000305,20231020,1
000305,20231021,1
000305,20231022,1
000305,20231023,1
000305,20231024,1
000305,20231025,1
000305,20231026,1
000305,20231027,1
000305,20231028,1
000305,20231029,1
000305,20231030,1
000305,20231031,1
000305,20231101,1
000305,20231102,1
000305,20231103,1
000305,20231104,1
000305,20231105,1
000305,20231106,1
000305,20231107,1
000305,20231108,1
000305,20231109,1
000305,20231110,1
000305,20231111,1
000305,20231112,1
000305,20231113,1
000305,20231114,1
000305,20231115,1
000305,20231116,1
000305,20231117,1
000305,20231118,1
000305,20231119,1
000305,20231120,1
000305,20231121,1
000305,20231122,1
000305,20231123,1
000305,20231124,1
000305,20231126,1
000305,20231127,1
000305,20231128,1
000305,20231129,1
000305,20231130,1
000305,20231201,1
000305,20231202,1
000305,20231203,1
000305,20231204,1
000305,20231205,1
000305,20231206,1
000305,20231207,1
000305,20231208,1
000305,20231209,1
000306,20231210,1
000306,20231211,1
000306,20231216,1
000306,20231217,1
000306,20231218,1
000306,20231223,1
000306,20231224,1
000306,20231225,1
000306,20231230,1
000306,20231231,1
000306,20240101,1
000306,20240106,1
000306,20240107,1
000306,20240108,1
000307,20231212,1
000307,20231213,1
000307,20231214,1
000307,20231215,1
000307,20231219,1
000307,20231220,1
000307,20231221,1
000307,20231222,1
000307,20231226,1
000307,20231227,1
000307,20231228,1
000307,20231229,1
000307,20240102,1
000307,20240103,1
000307,20240104,1
000307,20240105,1
000307,20240109,1
000307,20240110,1
000307,20240111,1
000308,20231016,1
000308,20231019,1
000308,20231020,1
000308,20231021,1
000308,20231022,1
000308,20231023,1
000308,20231024,1
000308,20231025,1
000308,20231026,1
000308,20231027,1
000308,20231028,1
000308,20231029,1
000308,20231030,1
000308,20231031,1
000308,20231101,1
000308,20231102,1
000308,20231103,1
000308,20231104,1
000308,20231105,1
000308,20231106,1
000308,20231107,1
000308,20231108,1
000308,20231109,1
000308,20231110,1
000308,20231111,1
000308,20231112,1
000308,20231113,1
000308,20231114,1
000308,20231115,1
000308,20231116,1
000308,20231117,1
000308,20231118,1
000308,20231119,1
000308,20231120,1
000308,20231121,1
000308,20231122,1
000308,20231123,1
000308,20231124,1
000308,20231127,1
000308,20231128,1
000308,20231129,1
000308,20231130,1
000308,20231201,1
000308,20231202,1
000308,20231203,1
000308,20231204,1
000308,20231205,1
000308,20231206,1
000308,20231207,1
000308,20231208,1
000308,20231209,1
000309,20231016,1
000309,20231019,1
000309,20231020,1
000309,20231101,1
000309,20231127,1
000309,20231128,1
000309,20231129,1
000309,20231130,1
000309,20231201,1
000309,20231204,1
000309,20231205,1
000309,20231206,1
000309,20231207,1
000309,20231208,1
000310,20231113,1
000310,20231114,1
000310,20231115,1
000310,20231116,1
000310,20231120,1
000310,20231121,1
000310,20231122,1
000310,20231123,1
000311,20231117,1
000311,20231124,1
000312,20231023,1
000312,20231024,1
000312,20231025,1
000312,20231026,1
000312,20231027,1
000312,20231030,1
000312,20231031,1
000312,20231102,1
000312,20231103,1
000313,20231106,1
000313,20231107,1
000313,20231108,1
000313,20231109,1
000314,20231019,1
000314,20231024,1
000314,20231025,1
000314,20231026,1
000314,20231031,1
000314,20231101,1
000314,20231102,1
000314,20231107,1
000314,20231108,1
000314,20231109,1
000314,20231114,1
000314,20231115,1
000314,20231116,1
000314,20231121,1
000314,20231122,1
000314,20231123,1
000314,20231128,1
000314,20231129,1
000314,20231130,1
000314,20231205,1
000314,20231206,1
000314,20231207,1
000315,20231016,1
000315,20231020,1
000315,20231023,1
000315,20231027,1
000315,20231030,1
000315,20231103,1
000315,20231106,1
000315,20231110,1
000315,20231113,1
000315,20231117,1
000315,20231120,1
000315,20231124,1
000315,20231127,1
000315,20231201,1
000315,20231204,1
000315,20231208,1
000316,20231212,1
000316,20231213,1
000316,20231214,1
000316,20231219,1
000316,20231220,1
000316,20231221,1
000316,20231226,1
000316,20231227,1
000316,20231228,1
000316,20240102,1
000316,20240103,1
000316,20240104,1
000316,20240109,1
000317,20231211,1
000317,20231215,1
000317,20231218,1
000317,20231222,1
000317,20231229,1
000317,20240105,1
000317,20240108,1
000318,20231016,1
000318,20231019,1
000318,20231020,1
000318,20231021,1
000318,20231023,1
000318,20231024,1
000318,20231025,1
000318,20231026,1
000318,20231027,1
000318,20231028,1
000318,20231029,1
000318,20231030,1
000318,20231031,1
000318,20231101,1
000318,20231102,1
000318,20231106,1
000318,20231107,1
000318,20231108,1
000318,20231109,1
000318,20231113,1
000318,20231114,1
000318,20231115,1
000318,20231116,1
000318,20231117,1
000318,20231118,1
000318,20231120,1
000318,20231121,1
000318,20231122,1
000318,20231123,1
000318,20231124,1
000318,20231127,1
000318,20231128,1
000318,20231129,1
000318,20231130,1
000318,20231201,1
000318,20231203,1
000318,20231204,1
000318,20231205,1
000318,20231206,1
000318,20231207,1
000318,20231208,1
000318,20231209,1
000319,20231104,1
000319,20231111,1
000320,20231119,1
000320,20231125,1
000320,20231126,1
000321,20231019,1
000321,20231020,1
000321,20231026,1
000321,20231027,1
000321,20231109,1
000321,20231116,1
000321,20231117,1
000321,20231123,1
000321,20231124,1
000321,20231130,1
000321,20231201,1
000321,20231203,1
000321,20231207,1
000321,20231208,1
000321,20231209,1
000322,20231016,1
000322,20231024,1
000322,20231025,1
000322,20231030,1
000322,20231031,1
000322,20231101,1
000322,20231106,1
000322,20231107,1
000322,20231108,1
000322,20231113,1
000322,20231114,1
000322,20231115,1
000322,20231120,1
000322,20231121,1
000322,20231122,1
000322,20231127,1
000322,20231128,1
000322,20231129,1
000322,20231204,1
000322,20231205,1
000322,20231206,1
000323,20231021,1
000323,20231028,1
000323,20231029,1
000323,20231102,1
000324,20231104,1
000324,20231105,1
000324,20231111,1
000325,20231210,1
000325,20231211,1
000325,20231212,1
000325,20231213,1
000325,20231214,1
000325,20231215,1
000325,20231216,1
000325,20231217,1
000325,20231218,1
000325,20231219,1
000325,20231220,1
000325,20231221,1
000325,20231222,1
000325,20231225,1
000325,20231226,1
000325,20231227,1
000325,20231228,1
000325,20231229,1
000325,20231230,1
000325,20240101,1
000325,20240102,1
000325,20240103,1
000325,20240104,1
000325,20240105,1
000326,20231223,1
000326,20231224,1
000326,20231231,1
000326,20240106,1
000326,20240107,1
000327,20231016,1
000327,20231019,1
000327,20231020,1
000327,20231023,1
000327,20231025,1
000327,20231026,1
000327,20231027,1
000327,20231030,1
000327,20231031,1
000327,20231105,1
000327,20231106,1
000327,20231107,1
000327,20231108,1
000327,20231109,1
000327,20231113,1
000327,20231114,1
000327,20231115,1
000327,20231116,1
000327,20231117,1
000327,20231203,1
000327,20231204,1
000327,20231205,1
000327,20231206,1
000327,20231207,1
000327,20231208,1
000327,20231209,1
000328,20231021,1
000328,20231022,1
000328,20231024,1
000328,20231028,1
000328,20231029,1
000328,20231101,1
000328,20231102,1
000329,20231125,1
000329,20231126,1
000330,20231211,1
000330,20231212,1
000330,20231219,1
000330,20240101,1
000330,20240102,1
000330,20240103,1
000331,20231213,1
000331,20231218,1
000331,20231220,1
000331,20231225,1
000332,20231210,1
000332,20231214,1
000332,20231215,1
000332,20231216,1
000332,20231217,1
000332,20231221,1
000332,20231222,1
000333,20231223,1
000333,20231224,1
000333,20231228,1
000333,20231229,1
000333,20231230,1
000333,20231231,1
000333,20240104,1
000333,20240105,1
000333,20240106,1
000333,20240107,1
000334,20231016,1
000334,20231019,1
000334,20231020,1
000334,20231023,1
000334,20231024,1
000334,20231025,1
000334,20231026,1
000334,20231027,1
000334,20231028,1
000334,20231030,1
000334,20231031,1
000334,20231106,1
000334,20231107,1
000334,20231108,1
000334,20231109,1
000334,20231113,1
000334,20231114,1
000334,20231115,1
000334,20231116,1
000334,20231117,1
000334,20231119,1
000334,20231120,1
000334,20231121,1
000334,20231122,1
000334,20231123,1
000334,20231124,1
000334,20231126,1
000334,20231127,1
000334,20231128,1
000334,20231129,1
000334,20231130,1
000334,20231201,1
000334,20231203,1
000334,20231204,1
000334,20231205,1
000334,20231206,1
000334,20231207,1
000334,20231208,1
000334,20231209,1
000335,20231021,1
000335,20231022,1
000335,20231029,1
000335,20231101,1
000335,20231102,1
000336,20231103,1
000336,20231104,1
000336,20231105,1
000336,20231110,1
000337,20231210,1
000337,20231211,1
000337,20231212,1
000337,20231213,1
000337,20231214,1
000337,20231215,1
000337,20231216,1
000337,20231217,1
000337,20231218,1
000337,20231219,1
000337,20231220,1
000337,20231221,1
000337,20231222,1
000337,20231224,1
000337,20231225,1
000337,20231226,1
000337,20231227,1
000337,20231228,1
000337,20231231,1
000337,20240101,1
000337,20240102,1
000337,20240103,1
000337,20240104,1
000337,20240105,1
000337,20240106,1
000337,20240107,1
000338,20231223,1
000338,20231229,1
000338,20231230,1
000339,20231019,1
000339,20231026,1
000339,20231109,1
000339,20231116,1
000339,20231123,1
000339,20231130,1
000339,20231207,1
000340,20231016,1
000340,20231020,1
000340,20231022,1
000340,20231023,1
000340,20231024,1
000340,20231025,1
000340,20231027,1
000340,20231029,1
000340,20231030,1
000340,20231031,1
000340,20231105,1
000340,20231106,1
000340,20231107,1
000340,20231108,1
000340,20231113,1
000340,20231114,1
000340,20231115,1
000340,20231117,1
000340,20231119,1
000340,20231120,1
000340,20231121,1
000340,20231122,1
000340,20231124,1
000340,20231126,1
000340,20231127,1
000340,20231128,1
000340,20231129,1
000340,20231201,1
000340,20231203,1
000340,20231204,1
000340,20231205,1
000340,20231206,1
000340,20231208,1
000340,20231209,1
000341,20231021,1
000341,20231028,1
000341,20231101,1
000342,20231214,1
000342,20231221,1
000342,20231228,1
000342,20240104,1
000343,20231210,1
000343,20231211,1
000343,20231212,1
000343,20231213,1
000343,20231215,1
000343,20231216,1
000343,20231217,1
000343,20231218,1
000343,20231219,1
000343,20231220,1
000343,20231222,1
000343,20231224,1
000343,20231225,1
000343,20231226,1
000343,20231227,1
000343,20231229,1
000343,20231231,1
000343,20240101,1
000343,20240102,1
000343,20240103,1
000343,20240105,1
000343,20240107,1
000344,20231016,1
000344,20231019,1
000344,20231020,1
000344,20231022,1
000344,20231023,1
000344,20231024,1
000344,20231025,1
000344,20231026,1
000344,20231027,1
000344,20231028,1
000344,20231029,1
000344,20231030,1
000344,20231031,1
000344,20231101,1
000344,20231102,1
000344,20231105,1
000344,20231106,1
000344,20231107,1
000344,20231108,1
000344,20231109,1
000344,20231113,1
000344,20231114,1
000344,20231115,1
000344,20231116,1
000344,20231117,1
000344,20231124,1
000344,20231203,1
000344,20231204,1
000344,20231205,1
000344,20231206,1
000344,20231207,1
000344,20231208,1
000344,20231209,1
000345,20231104,1
000345,20231112,1
000346,20231201,1
000346,20231202,1
000347,20231020,1
000347,20231022,1
000347,20231027,1
000347,20231029,1
000347,20231105,1
000347,20231117,1
000347,20231119,1
000347,20231126,1
000347,20231201,1
000347,20231203,1
000347,20231208,1
000348,20231016,1
000348,20231019,1
000348,20231023,1
000348,20231024,1
000348,20231025,1
000348,20231026,1
000348,20231030,1
000348,20231031,1
000348,20231101,1
000348,20231102,1
000348,20231106,1
000348,20231107,1
000348,20231108,1
000348,20231109,1
000348,20231113,1
000348,20231114,1
000348,20231115,1
000348,20231127,1
000348,20231128,1
000348,20231129,1
000348,20231130,1
000348,20231204,1
000348,20231205,1
000348,20231206,1
000348,20231207,1
000349,20231103,1
000349,20231110,1
000349,20231112,1
000350,20231121,1
000350,20231122,1
000351,20231210,1
000351,20231215,1
000351,20231217,1
000351,20231222,1
000351,20231229,1
000351,20240105,1
000351,20240107,1
000352,20231211,1
000352,20231212,1
000352,20231213,1
000352,20231214,1
000352,20231218,1
000352,20231219,1
000352,20231220,1
000352,20231221,1
000352,20231225,1
000352,20231226,1
000352,20231227,1
000352,20231228,1
000352,20240101,1
000352,20240102,1
000352,20240103,1
000352,20240104,1
000353,20231016,1
000353,20231021,1
000353,20231023,1
000353,20231028,1
000353,20231030,1
000353,20231106,1
000353,20231118,1
000353,20231120,1
000353,20231127,1
000353,20231202,1
000353,20231204,1
000353,20231209,1
000354,20231019,1
000354,20231020,1
000354,20231024,1
000354,20231025,1
000354,20231026,1
000354,20231027,1
000354,20231031,1
000354,20231101,1
000354,20231102,1
000354,20231103,1
000354,20231107,1
000354,20231108,1
000354,20231109,1
000354,20231110,1
000354,20231114,1
000354,20231115,1
000354,20231116,1
000354,20231117,1
000354,20231121,1
000354,20231122,1
000354,20231123,1
000354,20231124,1
000354,20231128,1
000354,20231129,1
000354,20231130,1
000354,20231201,1
000354,20231205,1
000354,20231206,1
000354,20231207,1
000354,20231208,1
000355,20231211,1
000355,20231216,1
000355,20231218,1
000355,20231223,1
000355,20231230,1
000355,20240106,1
000355,20240108,1
000356,20231212,1
000356,20231213,1
000356,20231214,1
000356,20231215,1
000356,20231219,1
000356,20231220,1
000356,20231221,1
000356,20231222,1
000356,20231226,1
000356,20231227,1
000356,20231228,1
000356,20231229,1
000356,20240102,1
000356,20240103,1
000356,20240104,1
000356,20240105,1
000356,20240109,1
000357,20231020,1
000357,20231021,1
000357,20231023,1
000357,20231024,1
000357,20231025,1
000357,20231026,1
000357,20231027,1
000357,20231028,1
000357,20231030,1
000357,20231031,1
000357,20231101,1
000357,20231106,1
000357,20231107,1
000357,20231108,1
000357,20231109,1
000357,20231110,1
000357,20231113,1
000357,20231114,1
000357,20231115,1
000357,20231116,1
000357,20231117,1
000357,20231118,1
000357,20231204,1
000357,20231205,1
000357,20231206,1
000357,20231207,1
000357,20231208,1
000357,20231209,1
000358,20231022,1
000358,20231029,1
000358,20231102,1
000358,20231103,1
000359,20231119,1
000359,20231126,1
000360,20231202,1
000360,20231203,1
000361,20231210,1
000361,20231211,1
000361,20231212,1
000361,20231213,1
000361,20231214,1
000361,20231215,1
000361,20231216,1
000361,20231217,1
000361,20231218,1
000361,20231219,1
000361,20231220,1
000361,20231221,1
000361,20231222,1
000361,20231223,1
000361,20231225,1
000361,20231226,1
000361,20231227,1
000361,20231228,1
000361,20231229,1
000361,20231230,1
000361,20240101,1
000361,20240102,1
000361,20240103,1
000361,20240104,1
000361,20240105,1
000361,20240106,1
000361,20240108,1
000361,20240109,1
000362,20231016,1
000362,20231019,1
000362,20231020,1
000362,20231023,1
000362,20231025,1
000362,20231026,1
000362,20231027,1
000362,20231030,1
000362,20231031,1
000362,20231106,1
000362,20231107,1
000362,20231108,1
000362,20231109,1
000362,20231113,1
000362,20231114,1
000362,20231115,1
000362,20231116,1
000362,20231117,1
000362,20231120,1
000362,20231121,1
000362,20231122,1
000362,20231123,1
000362,20231124,1
000362,20231126,1
000362,20231127,1
000362,20231128,1
000362,20231129,1
000362,20231130,1
000362,20231201,1
000362,20231203,1
000362,20231204,1
000362,20231205,1
000362,20231206,1
000362,20231207,1
000362,20231208,1
000362,20231209,1
000363,20231212,1
000363,20231214,1
000363,20231219,1
000363,20231221,1
000363,20231226,1
000363,20231228,1
000364,20231210,1
000364,20231211,1
000364,20231213,1
000364,20231215,1
000364,20231216,1
000364,20231217,1
000364,20231218,1
000364,20231220,1
000364,20231222,1
000364,20231225,1
000364,20231227,1
000364,20231229,1
000364,20231231,1
000364,20240101,1
000364,20240102,1
000364,20240103,1
000364,20240104,1
000364,20240105,1
000364,20240108,1
000364,20240109,1
000365,20231223,1
000365,20231224,1
000365,20231230,1
000365,20240106,1
000365,20240107,1
000366,20231020,1
000366,20231027,1
000366,20231117,1
000366,20231124,1
000366,20231201,1
000366,20231208,1
000367,20231016,1
000367,20231019,1
000367,20231023,1
000367,20231024,1
000367,20231026,1
000367,20231030,1
000367,20231031,1
000367,20231106,1
000367,20231107,1
000367,20231108,1
000367,20231109,1
000367,20231113,1
000367,20231114,1
000367,20231115,1
000367,20231116,1
000367,20231119,1
000367,20231120,1
000367,20231121,1
000367,20231122,1
000367,20231123,1
000367,20231126,1
000367,20231127,1
000367,20231128,1
000367,20231129,1
000367,20231130,1
000367,20231203,1
000367,20231204,1
000367,20231205,1
000367,20231206,1
000367,20231207,1
000367,20231209,1
000368,20231021,1
000368,20231022,1
000368,20231025,1
000368,20231028,1
000368,20231029,1
000368,20231101,1
000368,20231102,1
000369,20231103,1
000369,20231110,1
000370,20231104,1
000370,20231105,1
000371,20231210,1
000371,20231215,1
000371,20231222,1
000372,20231229,1
000372,20240105,1
000373,20231211,1
000373,20231212,1
000373,20231213,1
000373,20231214,1
000373,20231216,1
000373,20231217,1
000373,20231218,1
000373,20231219,1
000373,20231220,1
000373,20231221,1
000373,20231225,1
000373,20240101,1
000373,20240102,1
000373,20240103,1
000373,20240108,1
000373,20240109,1
000374,20231223,1
000374,20231224,1
000374,20231226,1
000374,20231227,1
000374,20231228,1
000374,20231230,1
000374,20231231,1
000374,20240104,1
000374,20240106,1
000374,20240107,1
000375,20231019,1
000375,20231024,1
000375,20231025,1
000375,20231026,1
000375,20231031,1
000375,20231107,1
000375,20231108,1
000375,20231109,1
000375,20231114,1
000375,20231115,1
000375,20231116,1
000375,20231121,1
000375,20231122,1
000375,20231123,1
000375,20231128,1
000375,20231129,1
000375,20231130,1
000375,20231205,1
000375,20231206,1
000375,20231207,1
000376,20231016,1
000376,20231020,1
000376,20231023,1
000376,20231027,1
000376,20231029,1
000376,20231030,1
000376,20231105,1
000376,20231106,1
000376,20231113,1
000376,20231117,1
000376,20231119,1
000376,20231120,1
000376,20231124,1
000376,20231126,1
000376,20231127,1
000376,20231201,1
000376,20231203,1
000376,20231204,1
000376,20231208,1
000376,20231209,1
000377,20231101,1
000377,20231102,1
000378,20231021,1
000378,20231022,1
000378,20231028,1
000379,20231210,1
000379,20231211,1
000379,20231215,1
000379,20231216,1
000379,20231217,1
000379,20231218,1
000379,20231222,1
000379,20231224,1
000379,20231225,1
000379,20231231,1
000379,20240101,1
000379,20240105,1
000379,20240106,1
000379,20240107,1
000379,20240108,1
000380,20231016,1
000380,20231019,1
000380,20231020,1
000380,20231021,1
000380,20231022,1
000380,20231023,1
000380,20231024,1
000380,20231025,1
000380,20231026,1
000380,20231027,1
000380,20231028,1
000380,20231029,1
000380,20231030,1
000380,20231031,1
000380,20231101,1
000380,20231102,1
000380,20231105,1
000380,20231106,1
000380,20231107,1
000380,20231108,1
000380,20231109,1
000380,20231113,1
000380,20231114,1
000380,20231115,1
000380,20231116,1
000380,20231117,1
000380,20231120,1
000380,20231121,1
000380,20231122,1
000380,20231123,1
000380,20231124,1
000380,20231127,1
000380,20231128,1
000380,20231129,1
000380,20231130,1
000380,20231201,1
000380,20231203,1
000380,20231204,1
000380,20231205,1
000380,20231206,1
000380,20231207,1
000380,20231208,1
000380,20231209,1
000381,20231210,1
000381,20231211,1
000381,20231212,1
000381,20231213,1
000381,20231214,1
000381,20231215,1
000381,20231216,1
000381,20231217,1
000381,20231218,1
000381,20231219,1
000381,20231220,1
000381,20231221,1
000381,20231222,1
000381,20231223,1
000381,20231224,1
000381,20231225,1
000381,20231226,1
000381,20231227,1
000381,20231228,1
000381,20231229,1
000381,20231230,1
000381,20231231,1
000381,20240101,1
000381,20240102,1
000381,20240103,1
000381,20240104,1
000381,20240105,1
000381,20240106,1
000381,20240107,1
000381,20240108,1
000381,20240109,1
000382,20231016,1
000382,20231019,1
000382,20231020,1
000382,20231022,1
000382,20231023,1
000382,20231024,1
000382,20231025,1
000382,20231026,1
000382,20231027,1
000382,20231028,1
000382,20231029,1
000382,20231030,1
000382,20231031,1
000382,20231101,1
000382,20231102,1
000382,20231105,1
000382,20231106,1
000382,20231107,1
000382,20231108,1
000382,20231109,1
000382,20231113,1
000382,20231114,1
000382,20231115,1
000382,20231116,1
000382,20231117,1
000382,20231119,1
000382,20231126,1
000382,20231203,1
000382,20231204,1
000382,20231205,1
000382,20231206,1
000382,20231207,1
000382,20231208,1
000382,20231209,1
000383,20231019,1
000383,20231020,1
000383,20231026,1
000383,20231027,1
000383,20231102,1
000383,20231109,1
000383,20231116,1
000383,20231117,1
000383,20231123,1
000383,20231124,1
000383,20231130,1
000383,20231201,1
000383,20231207,1
000383,20231208,1
000384,20231016,1
000384,20231023,1
000384,20231024,1
000384,20231025,1
000384,20231030,1
000384,20231031,1
000384,20231101,1
000384,20231106,1
000384,20231107,1
000384,20231108,1
000384,20231113,1
000384,20231114,1
000384,20231115,1
000384,20231120,1
000384,20231121,1
000384,20231122,1
000384,20231127,1
000384,20231128,1
000384,20231129,1
000384,20231204,1
000384,20231205,1
000384,20231206,1
000385,20231211,1
000385,20231212,1
000385,20231213,1
000385,20231218,1
000385,20231219,1
000385,20231220,1
000385,20231226,1
000385,20231227,1
000385,20240102,1
000385,20240103,1
000385,20240108,1
000385,20240109,1
000386,20231214,1
000386,20231215,1
000386,20231221,1
000386,20231222,1
000386,20231228,1
000386,20231229,1
000386,20240104,1
000386,20240105,1
000387,20231226,1
000387,20231227,1
000388,20240102,1
000388,20240103,1
000389,20231020,1
000389,20231117,1
000390,20231013,1
000390,20231016,1
000390,20231023,1
000390,20231024,1
000390,20231025,1
000390,20231026,1
000390,20231027,1
000390,20231028,1
000390,20231029,1
000390,20231030,1
000390,20231031,1
000390,20231101,1
000390,20231103,1
000390,20231104,1
000390,20231105,1
000390,20231106,1
000390,20231112,1
000390,20231209,1
000391,20231124,1
000391,20231201,1
000391,20231208,1
000392,20231014,1
000392,20231021,1
000393,20240102,1
000393,20240103,1
000393,20240104,1
000393,20240105,1
000394,20231226,1
000394,20231227,1
000394,20231228,1
000394,20231229,1
000395,20231210,1
000395,20231211,1
000395,20231212,1
000395,20231213,1
000395,20231214,1
000395,20231215,1
000395,20231216,1
000395,20231217,1
000395,20231218,1
000395,20231219,1
000395,20231220,1
000395,20231221,1
000395,20231222,1
000395,20231223,1
000395,20231224,1
000395,20231225,1
000395,20231230,1
000395,20231231,1
000395,20240101,1
000395,20240106,1
000395,20240107,1
000395,20240108,1
000395,20240109,1
000395,20240110,1
000395,20240111,1
000396,20231210,1
000396,20231216,1
000396,20231217,1
000396,20231223,1
000396,20231224,1
000396,20231230,1
000396,20231231,1
000396,20240101,1
000396,20240106,1
000396,20240107,1
000397,20231028,1
000397,20231029,1
000397,20231031,1
000398,20231023,1
000398,20231024,1
000398,20231025,1
000398,20231026,1
000398,20231027,1
000398,20231030,1
000399,20231101,1
000399,20231103,1
000399,20231104,1
000399,20231105,1
000399,20231112,1
000399,20231209,1
000400,20231113,1
000400,20231114,1
000400,20231115,1
000400,20231116,1
000400,20231120,1
000400,20231121,1
000400,20231122,1
000400,20231123,1
000400,20231124,1
000400,20231208,1
000401,20231118,1
000401,20231119,1
000401,20231126,1
000401,20231202,1
000401,20231203,1
000402,20231127,1
000402,20231128,1
000402,20231129,1
000402,20231130,1
000403,20231110,1
000403,20231127,1
000403,20231128,1
000403,20231129,1
000403,20231130,1
000403,20231201,1
000403,20231204,1
000403,20231205,1
000403,20231206,1
000403,20231207,1
000403,20231208,1
000404,20231125,1
000404,20231203,1
000405,20231013,1
000405,20231017,1
000405,20231018,1
000405,20231019,1
000405,20231020,1
000405,20231023,1
000405,20231024,1
000405,20231025,1
000405,20231026,1
000405,20231027,1
000405,20231030,1
000405,20231031,1
000405,20231102,1
000405,20231103,1
000405,20231107,1
000405,20231108,1
000405,20231109,1
000405,20231113,1
000405,20231114,1
000405,20231115,1
000405,20231116,1
000405,20231117,1
000405,20231120,1
000405,20231121,1
000405,20231122,1
000405,20231123,1
000405,20231124,1
000406,20231028,1
000406,20231029,1
000406,20231101,1
000406,20231112,1
000406,20231119,1
000406,20231126,1
000406,20231202,1
000406,20231209,1
000407,20231015,1
000407,20231022,1
000407,20231028,1
000407,20231029,1
000407,20231112,1
000407,20231202,1
000407,20231209,1
000408,20231116,1
000408,20231123,1
000408,20231130,1
000409,20231117,1
000409,20231124,1
000409,20231201,1
000410,20231013,1
000410,20231016,1
000410,20231017,1
000410,20231018,1
000410,20231019,1
000410,20231020,1
000411,20231023,1
000411,20231024,1
000411,20231025,1
000411,20231026,1
000411,20231027,1
000411,20231030,1
000411,20231031,1
000411,20231102,1
000411,20231103,1
000411,20231106,1
000411,20231107,1
000411,20231108,1
000411,20231109,1
000411,20231110,1
000411,20231207,1
000411,20231208,1
000412,20231210,1
000412,20231217,1
000412,20231224,1
000412,20231231,1
000413,20231211,1
000413,20231212,1
000413,20231213,1
000413,20231214,1
000413,20231215,1
000413,20231216,1
000413,20231218,1
000413,20231219,1
000413,20231220,1
000413,20231221,1
000413,20231222,1
000413,20231223,1
000413,20231225,1
000413,20231226,1
000413,20231227,1
000413,20231229,1
000413,20231230,1
000414,20240101,1
000414,20240102,1
000414,20240103,1
000414,20240104,1
000414,20240105,1
000414,20240106,1
000414,20240107,1
000414,20240108,1
000414,20240109,1
000414,20240110,1
000414,20240111,1
000415,20231210,1
000415,20231211,1
000415,20231212,1
000415,20231213,1
000415,20231214,1
000415,20231216,1
000415,20231217,1
000415,20231218,1
000415,20231219,1
000415,20231220,1
000415,20231221,1
000415,20231223,1
000415,20231224,1
000415,20231225,1
000415,20231226,1
000415,20231227,1
000415,20231228,1
000415,20231230,1
000415,20231231,1
000415,20240101,1
000415,20240102,1
000415,20240103,1
000415,20240104,1
000415,20240106,1
000415,20240107,1
000415,20240108,1
000415,20240109,1
000415,20240110,1
000415,20240111,1
000416,20231023,1
000416,20231024,1
000416,20231025,1
000416,20231026,1
000417,20231029,1
000417,20231119,1
000417,20231126,1
000418,20231022,1
000418,20231028,1
000418,20231203,1
000418,20231209,1
000419,20231019,1
000419,20231020,1
000419,20231113,1
000419,20231114,1
000419,20231115,1
000419,20231116,1
000419,20231117,1
000420,20231028,1
000420,20231209,1
000421,20231022,1
000421,20231203,1
000422,20231029,1
000422,20231126,1
000423,20231023,1
000423,20231024,1
000423,20231025,1
000423,20231026,1
000423,20231027,1
000424,20231030,1
000424,20231031,1
000424,20231101,1
000424,20231102,1
000424,20231106,1
000424,20231107,1
000424,20231108,1
000424,20231109,1
000425,20231019,1
000425,20231201,1
000425,20231204,1
000425,20231205,1
000425,20231206,1
000425,20231207,1
000425,20231208,1
000426,20231113,1
000426,20231114,1
000426,20231115,1
000426,20231116,1
000426,20231127,1
000426,20231128,1
000426,20231129,1
000426,20231130,1
000427,20231212,1
000427,20231213,1
000428,20231219,1
000428,20231220,1
000428,20231221,1
000428,20231226,1
000428,20231227,1
000428,20231228,1
000428,20240102,1
000428,20240103,1
000428,20240104,1
000429,20231211,1
000429,20231216,1
000429,20231218,1
000430,20231210,1
000430,20240107,1
000431,20231213,1
000431,20231219,1
000431,20231220,1
000432,20231214,1
000432,20231221,1
000433,20231215,1
000433,20231222,1
000433,20231228,1
000433,20231229,1
000433,20240104,1
000433,20240105,1
000434,20231226,1
000434,20231227,1
000434,20240102,1
000434,20240103,1
000435,20231228,1
000435,20240104,1
000436,20231215,1
000436,20231222,1
000437,20231016,1
000437,20231023,1
000437,20231030,1
000437,20231106,1
000437,20231113,1
000437,20231120,1
000437,20231127,1
000437,20231204,1
000438,20231211,1
000438,20231218,1
000438,20240108,1
000439,20231212,1
000439,20231213,1
000439,20231214,1
000439,20231215,1
000439,20231219,1
000439,20231220,1
000439,20231221,1
000439,20231222,1
000439,20231227,1
000439,20231228,1
000439,20231229,1
000439,20240103,1
000439,20240104,1
000439,20240105,1
000439,20240109,1
000440,20231226,1
000440,20240102,1
000441,20231211,1
000441,20231212,1
000441,20231213,1
000441,20231214,1
000441,20231215,1
000441,20231216,1
000441,20231218,1
000441,20231219,1
000441,20231220,1
000441,20231221,1
000441,20231222,1
000441,20231223,1
000441,20231226,1
000441,20231227,1
000441,20231228,1
000441,20231229,1
000441,20231230,1
000441,20240102,1
000441,20240103,1
000441,20240104,1
000441,20240105,1
000441,20240106,1
000441,20240108,1
000441,20240109,1
000442,20231016,1
000442,20231019,1
000442,20231020,1
000442,20231023,1
000442,20231024,1
000442,20231025,1
000442,20231026,1
000442,20231027,1
000442,20231028,1
000442,20231030,1
000442,20231031,1
000442,20231101,1
000442,20231102,1
000442,20231103,1
000442,20231104,1
000442,20231106,1
000442,20231107,1
000442,20231108,1
000442,20231109,1
000442,20231110,1
000442,20231113,1
000442,20231114,1
000442,20231115,1
000442,20231116,1
000442,20231117,1
000442,20231121,1
000442,20231122,1
000442,20231123,1
000442,20231124,1
000442,20231127,1
000442,20231128,1
000442,20231129,1
000442,20231130,1
000442,20231201,1
000442,20231205,1
000442,20231206,1
000442,20231207,1
000442,20231208,1
000442,20231209,1
000443,20231016,1
000443,20231019,1
000443,20231020,1
000443,20231023,1
000443,20231024,1
000443,20231025,1
000443,20231026,1
000443,20231027,1
000443,20231030,1
000443,20231031,1
000443,20231102,1
000443,20231103,1
000443,20231106,1
000443,20231107,1
000443,20231108,1
000443,20231109,1
000443,20231110,1
000443,20231113,1
000443,20231114,1
000443,20231115,1
000443,20231116,1
000443,20231117,1
000443,20231120,1
000443,20231121,1
000443,20231122,1
000443,20231123,1
000443,20231124,1
000443,20231127,1
000443,20231128,1
000443,20231129,1
000443,20231130,1
000443,20231201,1
000443,20231204,1
000443,20231205,1
000443,20231206,1
000443,20231207,1
000443,20231208,1
000444,20231211,1
000444,20231212,1
000444,20231213,1
000444,20231214,1
000444,20231215,1
000444,20231218,1
000444,20231219,1
000444,20231220,1
000444,20231221,1
000444,20231222,1
000444,20231226,1
000444,20231227,1
000444,20231228,1
000444,20231229,1
000444,20240102,1
000444,20240103,1
000444,20240104,1
000444,20240105,1
000444,20240108,1
000444,20240109,1
000445,20231016,1
000445,20231019,1
000445,20231020,1
000445,20231024,1
000445,20231025,1
000445,20231026,1
000445,20231027,1
000445,20231030,1
000445,20231031,1
000445,20231102,1
000445,20231105,1
000445,20231106,1
000445,20231107,1
000445,20231108,1
000445,20231109,1
000445,20231110,1
000445,20231113,1
000445,20231114,1
000445,20231115,1
000445,20231116,1
000445,20231117,1
000445,20231120,1
000445,20231121,1
000445,20231122,1
000445,20231123,1
000445,20231124,1
000445,20231127,1
000445,20231128,1
000445,20231129,1
000445,20231130,1
000445,20231201,1
000445,20231204,1
000445,20231205,1
000445,20231206,1
000445,20231207,1
000445,20231208,1
000445,20231209,1
000446,20231210,1
000446,20231211,1
000446,20231212,1
000446,20231213,1
000446,20231214,1
000446,20231215,1
000446,20231216,1
000446,20231217,1
000446,20231218,1
000446,20231219,1
000446,20231220,1
000446,20231221,1
000446,20231222,1
000446,20231225,1
000446,20231226,1
000446,20231227,1
000446,20231228,1
000446,20231231,1
000446,20240101,1
000446,20240102,1
000446,20240103,1
000446,20240104,1
000446,20240107,1
000446,20240108,1
000446,20240109,1
000447,20231223,1
000447,20231224,1
000447,20231229,1
000447,20231230,1
000447,20240105,1
000447,20240106,1
000448,20231023,1
000448,20231028,1
000448,20231029,1
000448,20231101,1
000448,20231103,1
000448,20231104,1
000449,20231104,1
000449,20231209,1
000450,20231023,1
000450,20231024,1
000450,20231025,1
000450,20231026,1
000450,20231027,1
000450,20231030,1
000450,20231031,1
000450,20231102,1
000450,20231103,1
000450,20231106,1
000450,20231107,1
000450,20231108,1
000450,20231109,1
000450,20231110,1
000451,20231016,1
000451,20231019,1
000451,20231020,1
000451,20231028,1
000451,20231029,1
000451,20231101,1
000451,20231104,1
000451,20231105,1
000451,20231127,1
000451,20231128,1
000451,20231129,1
000451,20231130,1
000451,20231201,1
000451,20231204,1
000451,20231205,1
000451,20231206,1
000451,20231207,1
000451,20231208,1
000451,20231209,1
000452,20231016,1
000452,20231019,1
000452,20231020,1
000452,20231023,1
000452,20231024,1
000452,20231025,1
000452,20231026,1
000452,20231027,1
000452,20231028,1
000452,20231029,1
000452,20231030,1
000452,20231031,1
000452,20231101,1
000452,20231102,1
000452,20231103,1
000452,20231104,1
000452,20231105,1
000452,20231106,1
000452,20231107,1
000452,20231108,1
000452,20231109,1
000452,20231110,1
000452,20231113,1
000452,20231114,1
000452,20231115,1
000452,20231117,1
000452,20231120,1
000452,20231121,1
000452,20231122,1
000452,20231123,1
000452,20231124,1
000452,20231127,1
000452,20231128,1
000452,20231129,1
000452,20231130,1
000452,20231201,1
000452,20231204,1
000452,20231205,1
000452,20231206,1
000452,20231207,1
000452,20231208,1
000452,20231209,1
000453,20231016,1
000453,20231019,1
000453,20231020,1
000453,20231023,1
000453,20231024,1
000453,20231025,1
000453,20231026,1
000453,20231027,1
000453,20231028,1
000453,20231029,1
000453,20231030,1
000453,20231031,1
000453,20231101,1
000453,20231102,1
000453,20231103,1
000453,20231104,1
000453,20231105,1
000453,20231106,1
000453,20231107,1
000453,20231108,1
000453,20231109,1
000453,20231110,1
000453,20231117,1
000453,20231120,1
000453,20231122,1
000453,20231124,1
000453,20231127,1
000453,20231128,1
000453,20231129,1
000453,20231130,1
000453,20231201,1
000453,20231204,1
000453,20231205,1
000453,20231206,1
000453,20231207,1
000453,20231208,1
000453,20231209,1
000454,20231121,1
000454,20231123,1
000455,20231016,1
000455,20231019,1
000455,20231020,1
000455,20231023,1
000455,20231024,1
000455,20231025,1
000455,20231026,1
000455,20231027,1
000455,20231028,1
000455,20231030,1
000455,20231031,1
000455,20231101,1
000455,20231102,1
000455,20231103,1
000455,20231104,1
000455,20231106,1
000455,20231107,1
000455,20231108,1
000455,20231109,1
000455,20231110,1
000455,20231127,1
000455,20231128,1
000455,20231129,1
000455,20231130,1
000455,20231201,1
000455,20231204,1
000455,20231205,1
000455,20231206,1
000455,20231207,1
000455,20231208,1
000455,20231209,1
000456,20231020,1
000456,20231117,1
000456,20231124,1
000456,20231201,1
000456,20231208,1
000457,20231027,1
000457,20231103,1
000457,20231110,1
000458,20231028,1
000458,20231029,1
000459,20231114,1
000459,20231125,1
000460,20231111,1
000460,20231112,1
000460,20231115,1
000460,20231116,1
000460,20231117,1
000460,20231120,1
000460,20231121,1
000460,20231122,1
000460,20231123,1
000460,20231124,1
000461,20231016,1
000461,20231019,1
000461,20231020,1
000461,20231101,1
000461,20231104,1
000461,20231105,1
000461,20231126,1
000461,20231127,1
000461,20231128,1
000461,20231129,1
000461,20231130,1
000461,20231201,1
000461,20231204,1
000461,20231205,1
000461,20231206,1
000461,20231207,1
000461,20231208,1
000461,20231209,1
000462,20231016,1
000462,20231019,1
000462,20231020,1
000462,20231023,1
000462,20231024,1
000462,20231025,1
000462,20231026,1
000462,20231027,1
000462,20231028,1
000462,20231029,1
000462,20231030,1
000462,20231031,1
000462,20231101,1
000462,20231102,1
000462,20231103,1
000462,20231104,1
000462,20231105,1
000462,20231106,1
000462,20231107,1
000462,20231108,1
000462,20231109,1
000462,20231110,1
000462,20231113,1
000462,20231114,1
000462,20231115,1
000462,20231116,1
000462,20231117,1
000462,20231120,1
000462,20231121,1
000462,20231122,1
000462,20231123,1
000462,20231124,1
000462,20231127,1
000462,20231128,1
000462,20231129,1
000462,20231130,1
000462,20231201,1
000462,20231204,1
000462,20231205,1
000462,20231206,1
000462,20231207,1
000462,20231208,1
000462,20231209,1
000463,20231016,1
000463,20231019,1
000463,20231020,1
000463,20231023,1
000463,20231024,1
000463,20231025,1
000463,20231026,1
000463,20231027,1
000463,20231030,1
000463,20231031,1
000463,20231101,1
000463,20231102,1
000463,20231103,1
000463,20231106,1
000463,20231107,1
000463,20231108,1
000463,20231109,1
000463,20231110,1
000463,20231113,1
000463,20231114,1
000463,20231115,1
000463,20231116,1
000463,20231117,1
000463,20231120,1
000463,20231121,1
000463,20231122,1
000463,20231123,1
000463,20231124,1
000463,20231127,1
000463,20231128,1
000463,20231129,1
000463,20231130,1
000463,20231201,1
000463,20231204,1
000463,20231205,1
000463,20231206,1
000463,20231207,1
000463,20231208,1
000464,20231029,1
000464,20231105,1
000464,20231126,1
000465,20231117,1
000465,20231119,1
000466,20231210,1
000466,20231211,1
000466,20231212,1
000466,20231213,1
000466,20231214,1
000466,20231215,1
000466,20231216,1
000466,20231217,1
000466,20231218,1
000466,20231219,1
000466,20231220,1
000466,20231221,1
000466,20231222,1
000466,20231224,1
000466,20231225,1
000466,20231226,1
000466,20231227,1
000466,20231228,1
000466,20231231,1
000466,20240101,1
000466,20240102,1
000466,20240103,1
000466,20240104,1
000466,20240107,1
000466,20240108,1
000466,20240109,1
000467,20231223,1
000467,20231229,1
000467,20231230,1
000467,20240105,1
000467,20240106,1
000468,20231016,1
000468,20231019,1
000468,20231020,1
000468,20231023,1
000468,20231024,1
000468,20231025,1
000468,20231026,1
000468,20231027,1
000468,20231030,1
000468,20231031,1
000468,20231102,1
000468,20231105,1
000468,20231106,1
000468,20231107,1
000468,20231108,1
000468,20231109,1
000468,20231110,1
000468,20231113,1
000468,20231114,1
000468,20231115,1
000468,20231116,1
000468,20231120,1
000468,20231121,1
000468,20231122,1
000468,20231123,1
000468,20231124,1
000468,20231126,1
000468,20231127,1
000468,20231128,1
000468,20231129,1
000468,20231130,1
000468,20231204,1
000468,20231205,1
000468,20231206,1
000468,20231207,1
000468,20231208,1
000468,20231209,1
000469,20231101,1
000469,20231103,1
000469,20231104,1
000470,20231029,1
000470,20231105,1
000470,20231112,1
000470,20231126,1
000471,20231016,1
000471,20231019,1
000471,20231020,1
000471,20231023,1
000471,20231024,1
000471,20231025,1
000471,20231026,1
000471,20231027,1
000471,20231030,1
000471,20231031,1
000471,20231101,1
000471,20231102,1
000471,20231103,1
000471,20231105,1
000471,20231106,1
000471,20231107,1
000471,20231108,1
000471,20231109,1
000471,20231110,1
000471,20231117,1
000471,20231120,1
000471,20231121,1
000471,20231122,1
000471,20231123,1
000471,20231124,1
000471,20231126,1
000471,20231127,1
000471,20231128,1
000471,20231129,1
000471,20231130,1
000471,20231204,1
000471,20231205,1
000471,20231206,1
000471,20231207,1
000471,20231208,1
000472,20231210,1
000472,20231211,1
000472,20231212,1
000472,20231213,1
000472,20231214,1
000472,20231215,1
000472,20231217,1
000472,20231218,1
000472,20231219,1
000472,20231220,1
000472,20231221,1
000472,20231222,1
000472,20231224,1
000472,20231225,1
000472,20231226,1
000472,20231227,1
000472,20231228,1
000472,20231229,1
000472,20231231,1
000472,20240101,1
000472,20240102,1
000472,20240103,1
000472,20240104,1
000472,20240105,1
000472,20240107,1
000472,20240108,1
000472,20240109,1
000473,20231210,1
000473,20231211,1
000473,20231212,1
000473,20231213,1
000473,20231214,1
000473,20231216,1
000473,20231217,1
000473,20231218,1
000473,20231219,1
000473,20231220,1
000473,20231221,1
000473,20231223,1
000473,20231224,1
000473,20231225,1
000473,20231226,1
000473,20231227,1
000473,20231228,1
000473,20231230,1
000473,20231231,1
000473,20240101,1
000473,20240102,1
000473,20240103,1
000473,20240104,1
000473,20240106,1
000473,20240107,1
000473,20240108,1
000473,20240109,1
000474,20231016,1
000474,20231019,1
000474,20231023,1
000474,20231024,1
000474,20231025,1
000474,20231026,1
000474,20231028,1
000474,20231029,1
000474,20231031,1
000474,20231101,1
000474,20231102,1
000474,20231104,1
000474,20231105,1
000474,20231106,1
000474,20231107,1
000474,20231108,1
000474,20231109,1
000474,20231113,1
000474,20231114,1
000474,20231115,1
000474,20231116,1
000474,20231120,1
000474,20231121,1
000474,20231122,1
000474,20231123,1
000474,20231126,1
000474,20231127,1
000474,20231128,1
000474,20231129,1
000474,20231130,1
000474,20231204,1
000474,20231205,1
000474,20231206,1
000474,20231207,1
000474,20231209,1
000475,20231224,1
000475,20231231,1
000476,20231210,1
000476,20231217,1
000476,20240107,1
000477,20231029,1
000477,20231105,1
000478,20231016,1
000478,20231019,1
000478,20231020,1
000478,20231023,1
000478,20231024,1
000478,20231025,1
000478,20231026,1
000478,20231027,1
000478,20231028,1
000478,20231029,1
000478,20231030,1
000478,20231031,1
000478,20231101,1
000478,20231102,1
000478,20231103,1
000478,20231104,1
000478,20231105,1
000478,20231106,1
000478,20231107,1
000478,20231108,1
000478,20231109,1
000478,20231110,1
000478,20231113,1
000478,20231114,1
000478,20231115,1
000478,20231116,1
000478,20231120,1
000478,20231121,1
000478,20231122,1
000478,20231123,1
000478,20231124,1
000478,20231126,1
000478,20231127,1
000478,20231128,1
000478,20231129,1
000478,20231130,1
000478,20231204,1
000478,20231205,1
000478,20231206,1
000478,20231207,1
000478,20231208,1
000478,20231209,1
000000,20231013,1
000000,20231014,1
000000,20231015,1
000000,20231016,1
000000,20231017,1
000000,20231018,1
000000,20231019,1
000000,20231020,1
000000,20231021,1
000000,20231022,1
000000,20231023,1
000000,20231024,1
000000,20231025,1
000000,20231026,1
000000,20231027,1
000000,20231028,1
000000,20231029,1
000000,20231030,1
000000,20231031,1
000000,20231101,1
000000,20231102,1
000000,20231103,1
000000,20231104,1
000000,20231105,1
000000,20231106,1
000000,20231107,1
000000,20231108,1
000000,20231109,1
000000,20231110,1
000000,20231111,1
000000,20231112,1
000000,20231113,1
000000,20231114,1
000000,20231115,1
000000,20231116,1
000000,20231117,1
000000,20231118,1
000000,20231119,1
000000,20231120,1
000000,20231121,1
000000,20231122,1
000000,20231123,1
000000,20231124,1
000000,20231125,1
000000,20231126,1
000000,20231127,1
000000,20231128,1
000000,20231129,1
000000,20231130,1
000000,20231201,1
000000,20231202,1
000000,20231203,1
000000,20231204,1
000000,20231205,1
000000,20231206,1
000000,20231207,1
000000,20231208,1
000000,20231209,1
000000,20231210,1
000000,20231211,1
000000,20231212,1
000000,20231213,1
000000,20231214,1
000000,20231215,1
000000,20231216,1
000000,20231217,1
000000,20231218,1
000000,20231219,1
000000,20231220,1
000000,20231221,1
000000,20231222,1
000000,20231223,1
000000,20231224,1
000000,20231225,1
000000,20231226,1
000000,20231227,1
000000,20231228,1
000000,20231229,1
000000,20231230,1
000000,20231231,1
000000,20240101,1
000000,20240102,1
000000,20240103,1
000000,20240104,1
000000,20240105,1
000000,20240106,1
000000,20240107,1
000000,20240108,1
000000,20240109,1
000000,20240110,1
000000,20240111,1
